
TRANSITO ARQFONES        15/12/2014        10:28:09        - 1 -

    AG            CTA IND ORIG IND TPO DDD  FONE        IND ATULZ HATULZ
------ -------------- -------- ------- ---- ----------- --------- ----------
     1         190515 1        1       0011 00030712038         2 27.05.2014
     2            354 1        1       0014 00034137083         2 17.03.2014
     2            806 1        1       0014 00981999689         2 14.04.2014
     2           1167 1        1       0014 00033034200         2 20.11.2013
     2           2164 1        1       0014 00997212557         2 22.08.2014
     2           2270 1        1       0014 00034337188         2 28.02.2014
     2           2548 1        1       0014 00999999999         2 10.09.2014
     2           2900 1        1       0014 00997646803         2 03.06.2014
     2           3005 1        1       0014 00444444444         2 17.10.2014
     2           3507 1        2       0014 00034751589         2 11.08.2014
     2           3550 1        1       0014 00998559676         2 12.11.2014
     2           3644 1        1       0017 00997411996         2 25.06.2014
     2           3654 1        1       0014 00996831834         2 23.07.2014
     2           3664 1        1       0014 00099999999         2 23.07.2014
     2           3741 1        1       0014 00034517105         2 03.07.2014
     2           3774 1        1       0014 00996717773         2 18.07.2014
     2           3812 1        1       0014 00998077868         2 10.07.2014
     2           3826 1        1       0014 00034136158         2 18.08.2014
     2           3855 1        2       0014 00034251678         2 10.09.2014
     2           4161 1        2       0014 00988165781         2 02.09.2014
     2           4236 1        1       0011 00020815590         2 14.08.2014
     2           4765 1        2       0014 00996307131         2 23.09.2014
     2           4925 1        2       0014 00997071158         2 02.10.2014
     2           5099 1        1       0014 00034132677         2 17.10.2014
     2          15052 1        1       0014 00034029922         2 06.11.2014
     2          18818 1        1       0014 00981385067         2 05.08.2013
     2          21066 1        1       0014 00996084466         2 09.06.2014
     2          24730 1        1       0014 00034335361         2 03.05.2013
     2          35870 1        1       0014 00034334736         2 16.09.2014
     2          57773 1        2       0014 00032212354         2 05.09.2014
     2          79514 1        1       0014 00034338988         2 31.03.2014
     2          83300 1        1       0014 00997066887         2 13.01.2014
     2          93035 1        1       0014 00034255104         2 01.01.0001
     2          95757 1        1       0011 00037026600         2 08.08.2013
     2          96508 1        1       0014 00034816723         2 04.09.2014
     2         102849 1        1       0014 00996886510         2 23.07.2014
     2         104856 1        1       0014 00997961772         2 30.07.2012
     2         109471 1        1       0014 00997177898         2 16.05.2014
     2         109701 1        1       0014 00034255320         2 28.08.2014
     2         109804 1        1       0014 00034257238         2 07.05.2014
     2         113734 1        1       0014 00996357554         2 24.07.2014
     2         114143 1        1       0014 00034338858         2 29.09.2014
     2         114348 1        1       0014 00996438036         2 18.09.2014
     2         114686 1        1       0014 00997418098         2 13.07.2011
     2         115014 1        1       0014 00034221659         2 15.10.2014
     2         115831 1        1       0014 00997871490         2 17.01.2014
     2         117067 1        1       0014 00997855478         2 01.01.0001
     2         119919 1        1       0014 00996681536         2 19.01.2012
     2         119961 1        1       0014 00034135265         2 03.10.2014
     2         123747 1        1       0014 00034796006         2 24.01.2013
     2         125959 1        1       0014 00034818332         2 11.11.2014
     2         126459 1        1       0014 00034545452         2 16.09.2014
     2         126909 1        1       0014 00997284115         2 11.06.2014
     2         127953 1        1       0014 00997247220         2 11.08.2014

TRANSITO ARQFONES        15/12/2014        10:28:09        - 2 -

    AG            CTA IND ORIG IND TPO DDD  FONE        IND ATULZ HATULZ
------ -------------- -------- ------- ---- ----------- --------- ----------
     2         128277 1        1       0014 00997627886         2 01.01.0001
     2         128305 1        1       0014 00996792066         2 06.12.2013
     2         128901 1        1       0014 00034152188         2 14.08.2013
     2         129552 1        1       0014 00997251299         2 03.11.2014
     2         129785 1        1       0014 00034511219         2 24.10.2011
     2         129841 1        1       0014 00034545531         2 24.10.2011
     2         130068 1        1       0014 00981162643         2 09.09.2014
     2         130092 1        1       0014 00981413889         2 20.06.2014
     2         130122 1        1       0014 00996014487         2 11.09.2013
     2         130169 1        1       0014 00034152465         2 25.11.2013
     2         130354 1        1       0014 00034817607         2 02.08.2012
     2         130356 1        1       0014 00034516999         2 01.01.0001
     2         130367 1        1       0014 00997443705         2 20.06.2014
     2         130515 1        1       0014 00997014309         2 05.07.2011
     2         130606 1        1       0014 00034256410         2 01.01.0001
     2         130630 1        1       0041 00096227733         2 01.01.0001
     2         130698 1        1       0014 00034330942         2 19.09.2006
     2         130835 1        1       0014 00997212742         2 23.12.2013
     2         130841 1        1       0014 00034224647         2 23.10.2014
     2         130927 1        1       0014 00034152076         2 31.10.2014
     2         130959 1        1       0014 00034515185         2 15.10.2014
     2         130989 1        1       0011 00011111111         2 01.01.0001
     2         131058 1        1       0014 00034253778         2 06.10.2014
     2         131198 1        1       0014 00034255854         2 16.06.2014
     2         131240 1        1       0014 00034511109         2 01.01.0001
     2         131327 1        1       0014 00991431806         2 24.07.2012
     2         131366 1        1       0014 00996014495         2 01.01.0001
     2         131396 1        1       0014 00998628181         2 13.11.2014
     2         131445 1        1       0014 00981002812         2 17.11.2014
     2         131482 1        1       0014 00097100583         2 02.01.2012
     2         131695 1        1       0014 00981135151         2 19.08.2014
     2         131704 1        1       0014 00996292620         2 25.07.2014
     2         131757 1        1       0014 00996276890         2 11.11.2013
     2         131880 1        1       0014 00996456973         2 29.08.2014
     2         131904 1        1       0014 00997649738         2 16.06.2014
     2         131963 1        1       0014 00997256095         2 10.06.2014
     2         132025 1        1       0014 00034252230         2 03.03.2011
     2         132066 1        1       0014 00034543184         2 02.03.2011
     2         132079 1        1       0014 00981532395         2 25.06.2014
     2         132088 1        1       0016 00991248000         2 30.05.2014
     2         132309 1        1       0014 00034029922         2 17.02.2014
     2         132337 1        1       0014 00034029922         2 05.08.2013
     2         132370 1        1       0014 00034029922         2 04.10.2013
     2         132477 1        1       0014 00034029922         2 05.02.2014
     2         134001 1        2       0014 00034222921         2 23.08.2011
     2         150855 1        1       0014 00034152076         2 09.06.2014
     2         151171 1        1       0014 00981215950         2 27.11.2013
     2         151549 1        1       0014 00034141532         2 02.10.2013
     2         152279 1        2       0014 00034547437         2 01.12.2014
     2         152360 1        2       0014 00981527769         2 18.07.2014
     2         152547 1        1       0014 00997549219         2 01.01.0001
     2         152720 1        2       0014 00033019641         2 26.05.2014
     2         152987 1        1       0014 00991162682         2 16.06.2011
     2         153674 1        1       0014 00034796002         2 23.03.2012

TRANSITO ARQFONES        15/12/2014        10:28:09        - 3 -

    AG            CTA IND ORIG IND TPO DDD  FONE        IND ATULZ HATULZ
------ -------------- -------- ------- ---- ----------- --------- ----------
     2         153732 1        1       0014 00998432124         2 21.07.2014
     2         153966 1        1       0014 00034548902         2 27.02.2014
     2         154268 1        1       0014 00996387413         2 09.01.2014
     2         154557 1        1       0014 00997587377         2 13.01.2014
     2         154597 1        1       0014 00997741757         2 18.09.2014
     2         154639 1        1       0079 00032621845         2 24.10.2011
     2         154861 1        1       0014 00997242450         2 15.07.2014
     2         155181 1        1       0014 00996572831         2 28.07.2014
     2         155528 1        1       0014 00034535367         2 22.12.2010
     2         156158 1        1       0014 00034221005         2 10.02.2011
     2         156197 1        1       0014 00997161901         2 03.09.2014
     2         156210 1        1       0014 00981526011         2 23.02.2012
     2         156225 1        1       0014 00998648719         2 02.06.2014
     2         156348 1        1       0014 00032212215         2 13.08.2013
     2         156787 1        1       0014 00034177006         2 30.01.2013
     2         156928 1        1       0014 00997418038         2 21.10.2013
     2         156958 1        1       0011 00988410137         2 17.03.2014
     2         157066 1        1       0014 00034174993         2 24.08.2011
     2         157129 1        1       0014 00997039922         2 19.02.2014
     2         157173 1        1       0014 00034818718         2 26.09.2012
     2         158293 1        1       0014 00034819764         2 01.01.0001
     2         158602 1        1       0014 00997404075         2 06.03.2013
     2         158748 1        2       0014 00034337399         2 01.10.2014
     2         158873 1        1       0014 00996981612         2 24.11.2014
     2         159605 1        1       0014 00034516255         2 07.01.2014
     2         170040 1        2       0014 00034254801         2 07.11.2014
     2         200446 1        1       0014 00981112095         2 05.11.2014
     2         201008 1        1       0014 00034221527         2 17.11.2010
     2         202165 1        1       0014 00034132309         2 08.08.2014
     2         515452 1        1       0014 00997339920         2 19.09.2014
     2         515475 1        1       0014 00034255909         2 01.01.0001
     2         519179 1        1       0014 00981496205         2 03.03.1993
     2         540050 1        1       0014 00997771977         2 09.09.2014
     2         540344 1        1       0014 00991544242         2 17.06.2011
     2         540569 1        1       0014 00996722636         2 19.09.2013
     2         545001 1        1       0014 00034751261         2 05.11.2014
     2         545007 1        2       0014 00034751276         2 21.03.2014
     2         545056 1        1       0014 00996391397         2 05.03.2014
     2         545082 1        1       0014 00996080470         2 03.07.2014
     2         550016 1        1       0014 00034796071         2 15.08.2011
     2         550023 1        1       0014 00097056377         2 29.04.2013
     2         550081 1        1       0014 00003333333         2 24.07.2014
     2         550096 1        1       0014 00034796086         2 24.10.2011
     2         550113 1        1       0014 00034796094         2 02.10.2013
     2         550134 1        1       0014 00034796131         2 20.01.2014
     2         550146 1        1       0014 00034796075         2 21.08.2013
     2         550248 1        1       0014 00034796131         2 23.09.2013
     2         550299 1        1       0014 00034796027         2 24.10.2011
     2         560088 1        1       0014 00981632374         2 28.11.2014
     2         560254 1        1       0014 00034818966         2 27.03.2014
     2         565016 1        1       0014 00034153432         2 06.02.2014
     2         565140 1        1       0014 00034252485         2 25.02.2014
     2         565151 1        1       0014 00981481060         1 22.03.2014
     2         565182 1        1       0014 00998275515         2 21.06.2013

TRANSITO ARQFONES        15/12/2014        10:28:09        - 4 -

    AG            CTA IND ORIG IND TPO DDD  FONE        IND ATULZ HATULZ
------ -------------- -------- ------- ---- ----------- --------- ----------
     2         580034 1        1       0017 00032426282         2 06.10.2014
     2         585036 1        1       0014 00034796156         2 28.08.2013
     2         585085 1        1       0014 00034796065         2 18.12.2013
     2         701120 1        1       0014 00996901751         2 11.06.2014
     3            194 1        1       0016 00033376917         2 10.10.2014
     3            282 1        1       0016 00034727701         2 08.07.2014
     3            373 1        1       0016 00997281158         2 24.07.2014
     3            448 1        1       0016 00997706732         2 06.06.2014
     3            683 1        1       0016 00997459590         2 10.03.2014
     3            996 1        1       0016 00997097549         2 14.07.2014
     3            998 1        1       0016 00033244524         2 06.12.2013
     3            999 1        1       0016 00997593530         2 22.11.2013
     3           1014 1        1       0016 00997884034         2 03.06.2014
     3           1187 1        1       0016 00981938632         2 20.08.2014
     3           1311 1        1       0016 00997745031         2 27.08.2014
     3           1346 1        1       0016 00997480850         2 29.08.2014
     3           1352 1        1       0016 00033921031         2 22.09.2014
     3           1364 1        1       0016 00033972934         2 06.03.2014
     3           1372 1        1       0016 00997165249         2 25.06.2014
     3           1531 1        1       0016 00997775674         2 26.09.2014
     3           1624 1        1       0016 00997038454         2 27.08.2014
     3           1631 1        2       0016 00033321109         2 17.02.2014
     3           1776 1        1       0016 00033012760         2 10.03.2014
     3           1782 1        1       0016 00997535293         2 30.07.2014
     3           1870 1        1       0016 00997585605         2 04.09.2014
     3           2006 1        1       0016 00997112658         2 08.08.2014
     3           2073 1        1       0016 00997126090         2 15.05.2014
     3           2110 1        1       0016 00033318055         2 07.10.2014
     3           2183 1        1       0019 00992884523         2 20.05.2014
     3           2436 1        1       0016 00033013000         2 03.07.2014
     3           2892 1        1       0016 00033979939         2 30.07.2014
     3           2945 1        1       0016 00033116321         2 05.09.2014
     3           3069 1        1       0016 00997708346         2 11.09.2014
     3           3180 1        1       0016 00981244895         2 19.09.2014
     3           3222 1        1       0011 00047017072         2 08.08.2014
     3           3287 1        1       0016 00021099900         2 16.09.2014
     3           3521 1        1       0016 00997519171         2 18.09.2014
     3           3566 1        1       0016 00021099900         2 06.11.2014
     3           5763 1        1       0016 00981217159         2 11.07.2014
     3          23553 1        1       0016 00033337560         2 01.01.0001
     3          32584 1        1       0016 00045465464         2 12.03.2010
     3          37510 1        1       0016 00046546546         2 02.10.2014
     3          43909 1        1       0016 00033351053         2 30.04.2014
     3          44113 1        1       0016 00033333030         2 16.05.2014
     3          46237 1        1       0016 00997440663         2 23.06.2014
     3          88834 1        1       0016 00033323013         2 12.06.2014
     3         102006 1        1       0016 00981252699         2 25.08.2014
     3         110346 1        1       0016 00033372583         2 27.05.2013
     3         128868 1        1       0016 00033224111         2 05.08.2014
     3         129058 1        1       0016 00997336832         2 01.08.2014
     3         129954 1        1       0016 00997618950         2 08.07.2014
     3         131836 1        1       0016 00997887870         2 03.07.2014
     3         132003 1        1       0016 00964878975         2 28.04.2014
     3         132101 1        1       0016 00033343174         2 04.06.2014

TRANSITO ARQFONES        15/12/2014        10:28:09        - 5 -

    AG            CTA IND ORIG IND TPO DDD  FONE        IND ATULZ HATULZ
------ -------------- -------- ------- ---- ----------- --------- ----------
     3         132192 1        1       0016 00981995978         2 27.12.2013
     3         132253 1        1       0016 00997775955         2 07.05.2013
     3         132397 1        1       0016 00981299466         2 24.07.2014
     3         132426 1        1       0016 00033012760         2 25.09.2013
     3         132431 1        1       0016 00032142867         2 30.10.2014
     3         132461 1        1       0016 00997850163         2 15.10.2014
     3         132738 1        1       0016 00992901489         2 22.01.2014
     3         132827 1        1       0016 00033334625         2 07.02.2013
     3         132954 1        1       0016 00033371868         2 14.10.2014
     3         132973 1        1       0016 00033925940         2 05.04.2013
     3         134883 1        2       0016 00033366471         2 29.07.2014
     3         135191 1        1       0016 00992801220         2 14.02.2014
     3         136174 1        1       0016 00034615144         2 08.01.2014
     3         136574 1        1       0016 00033352417         2 05.06.2013
     3         136692 1        1       0016 00981194397         2 01.10.2014
     3         139144 1        1       0016 00033336598         2 11.12.2013
     3         139248 1        1       0016 00033224005         2 21.05.2012
     3         139595 1        1       0016 00033333300         2 09.06.2009
     3         139606 1        1       0016 00033361514         2 02.09.2013
     3         141119 1        1       0016 00997042615         2 23.06.2014
     3         141165 1        1       0016 00040092000         2 16.09.2014
     3         141449 1        1       0016 00033118103         2 05.08.2014
     3         141459 1        1       0016 00981399923         2 27.08.2013
     3         141480 1        1       0016 00033221277         1 20.09.2006
     3         141707 1        1       0016 00992776903         2 29.08.2014
     3         141790 1        1       0016 00033118103         2 18.08.2014
     3         141870 1        1       0016 00033033000         2 13.12.2013
     3         143781 1        1       0016 00033393445         2 24.07.2014
     3         150319 1        1       0016 00032368128         2 20.05.2013
     3         150506 1        1       0016 00033243916         2 18.12.2013
     3         150851 1        1       0011 00047125911         1 12.09.2006
     3         162048 1        1       0041 00095146666         2 01.10.2014
     3         162285 1        1       0016 00033461425         2 14.06.2013
     3         166759 1        1       0016 00033357408         2 08.07.2013
     3         167117 1        1       0016 00999628321         2 07.05.2012
     3         167214 1        1       0016 00997487195         2 14.04.2014
     3         168191 1        1       0016 00999619704         2 26.06.2014
     3         169733 1        1       0016 00992683528         2 21.07.2014
     3         169879 1        1       0016 00981715661         2 14.10.2014
     3         170731 1        1       0016 00033926708         2 07.05.2013
     3         171512 1        2       0016 00996018312         2 29.10.2013
     3         172113 1        1       0016 00999783072         2 29.05.2013
     3         172499 1        1       0016 00991154235         2 18.09.2014
     3         172995 1        1       0016 00997912067         2 28.11.2013
     3         173719 1        1       0016 00033225911         2 20.08.2014
     3         174058 1        1       0016 00033926214         2 21.07.2014
     3         174070 1        1       0016 00997833123         2 14.10.2014
     3         174529 1        1       0016 00997822140         2 05.08.2014
     3         175088 1        1       0016 00999615121         2 13.03.2014
     3         175447 1        2       0016 00997330728         2 25.07.2012
     3         175813 1        1       0016 00033313662         2 17.01.2012
     3         176064 1        1       0016 00033334271         2 23.07.2014
     3         176866 1        1       0016 00988565294         2 02.06.2014
     3         177323 1        2       0016 00033333827         2 06.08.2014

TRANSITO ARQFONES        15/12/2014        10:28:09        - 6 -

    AG            CTA IND ORIG IND TPO DDD  FONE        IND ATULZ HATULZ
------ -------------- -------- ------- ---- ----------- --------- ----------
     3         177389 1        1       0016 00033017880         2 18.04.2013
     3         177567 1        1       0016 00033332218         2 07.08.2014
     3         177584 1        2       0016 00033245388         2 12.11.2012
     3         179084 1        1       0016 00033333333         2 11.10.2013
     3         179299 1        2       0016 00033327951         2 20.10.2014
     3         179711 1        1       0016 00082207714         2 01.01.0001
     3         181500 1        1       0016 00033366308         2 27.05.2013
     3         181548 1        1       0016 00997218795         2 02.10.2013
     3         182184 1        1       0016 00033576243         2 04.08.2014
     3         182788 1        1       0016 00993149538         2 01.12.2014
     3         182828 1        1       0016 00033392907         2 09.10.2014
     3         183086 1        1       0016 00991160184         2 01.01.0001
     3         183515 1        1       0016 00997039994         2 27.10.2014
     3         183657 1        2       0016 00033321318         2 26.12.2013
     3         183765 1        1       0016 00981234910         2 25.11.2013
     3         184338 1        1       0016 00997736915         2 13.08.2014
     3         184839 1        1       0016 00997372646         2 21.08.2013
     3         184871 1        1       0016 00033333333         2 10.01.2014
     3         185396 1        1       0016 00033226205         2 04.04.2014
     3         185399 1        1       0016 00991717948         2 05.11.2014
     3         185867 1        1       0016 00033391313         1 26.09.2014
     3         186630 1        2       0016 00033376504         2 23.07.2014
     3         187061 1        1       0016 00997397237         2 06.11.2013
     3         187128 1        1       0016 00991362388         2 10.04.2012
     3         187346 1        1       0016 00033975389         2 20.10.2014
     3         187542 1        1       0016 00997678661         2 31.10.2014
     3         188017 1        1       0016 00097312732         2 01.01.0001
     3         188033 1        1       0016 00033364162         2 30.07.2014
     3         188303 1        1       0016 00981185002         2 11.06.2012
     3         188568 1        1       0016 00997434664         2 29.07.2014
     3         188570 1        1       0016 00997881534         2 16.11.2012
     3         188695 1        1       0016 00032141512         2 30.09.2014
     3         189839 1        1       0016 00981641513         2 19.11.2014
     3         190586 1        1       0016 00033033000         2 07.05.2013
     3         190604 1        1       0016 00981363523         2 22.05.2014
     3         190757 1        1       0016 00033224111         2 07.05.2013
     3         190880 1        1       0016 00033224111         2 27.06.2014
     3         191061 1        1       0016 00033925928         2 16.01.2014
     3         191410 1        1       0016 00997103608         2 04.07.2014
     3         191578 1        1       0016 00033465972         2 28.10.2014
     3         191600 1        1       0016 00997022100         2 25.09.2014
     3         193308 1        1       0016 00097941160         2 20.12.2013
     3         194018 1        1       0016 00997124969         2 14.05.2012
     3         194350 1        1       0016 00997317947         2 08.05.2013
     3         194376 1        1       0016 00997197363         2 30.09.2010
     3         194543 1        1       0016 00033923091         2 01.01.0001
     3         195086 1        1       0016 00997912129         2 14.11.2014
     3         195508 1        2       0016 00997498777         2 30.05.2014
     3         196315 1        1       0016 00997438545         2 01.08.2014
     3         196355 1        1       0016 00991724272         2 12.04.2013
     3         196981 1        1       0016 00033921038         2 29.08.2014
     3         197097 1        1       0099 00099999999         2 13.10.2014
     3         197591 1        1       0016 00033220828         2 12.06.2013
     3         198585 1        1       0016 00997233493         2 03.04.2013

TRANSITO ARQFONES        15/12/2014        10:28:09        - 7 -

    AG            CTA IND ORIG IND TPO DDD  FONE        IND ATULZ HATULZ
------ -------------- -------- ------- ---- ----------- --------- ----------
     3         198997 1        1       0016 00033926252         2 22.04.2013
     3         199552 1        1       0016 00964678777         2 07.05.2013
     3         199628 1        1       0016 00999759366         2 27.10.2014
     3         199650 1        1       0016 00997373440         2 24.03.2014
     3         199822 1        1       0016 00988213053         2 07.11.2014
     3         199891 1        1       0016 00033244255         2 07.10.2013
     3         200161 1        1       0016 00997761708         2 27.08.2014
     3         200412 1        1       0016 00991179134         2 26.08.2011
     3         200477 1        1       0016 00033228455         2 18.02.2014
     3         201477 1        1       0016 00992552030         2 23.04.2012
     3         201616 1        1       0016 00033360692         2 29.07.2013
     3         201728 1        1       0016 00997693214         2 28.08.2014
     3         202074 1        1       0016 00033356066         1 23.05.2014
     3         202179 1        1       0016 00033222131         2 19.11.2014
     3         202281 1        1       0016 00992129424         2 31.08.2011
     3         203087 1        1       0016 00997090099         2 04.07.2014
     3         203300 1        1       0016 00033224111         2 28.03.2012
     3         203705 1        1       0016 00033033000         2 28.10.2013
     3         204298 1        1       0016 00033322324         2 27.01.2014
     3         204700 1        2       0016 00997382982         2 25.01.2014
     3         204857 1        1       0016 00992983407         2 25.10.2012
     3         205101 1        1       0016 00996064300         2 22.09.2014
     3         205241 1        1       0016 00032145454         2 25.11.2013
     3         205988 1        1       0016 00997411098         2 04.12.2012
     3         206033 1        1       0016 00991567476         2 07.08.2014
     3         206528 1        1       0016 00993036036         2 14.10.2014
     3         206603 1        1       0016 00033014500         2 28.10.2014
     3         206755 1        1       0016 00033367011         2 07.08.2014
     3         207206 1        1       0016 00997496875         2 10.12.2013
     3         207348 1        1       0019 00021145000         2 13.08.2014
     3         207539 1        1       0016 00996048203         2 19.09.2014
     3         207752 1        1       0016 00033920000         2 14.03.2013
     3         207854 1        1       0019 00036343000         2 05.02.2013
     3         207863 1        1       0016 00988280794         2 17.10.2014
     3         207887 1        1       0016 00988199863         2 05.09.2014
     3         207971 1        1       0016 00033392114         2 05.08.2014
     3         208298 1        1       0016 00996102966         2 06.10.2014
     3         208368 1        1       0016 00033313030         2 06.09.2012
     3         208369 1        1       0016 00033313030         2 06.09.2012
     3         208384 1        1       0016 00033313030         2 06.09.2012
     3         209025 1        1       0016 00991714123         2 06.08.2012
     3         209111 1        1       0016 00021090100         2 07.11.2012
     3         209227 1        1       0016 00999941128         2 18.03.2014
     3         209265 1        1       0016 00981404696         2 13.08.2014
     3         209407 1        1       0017 00991244395         2 26.02.2014
     3         209527 1        1       0016 00981192504         2 22.11.2012
     3         209976 1        1       0016 00981661553         2 25.09.2012
     3         212574 1        1       0016 00033924307         2 22.07.2013
     3         213068 1        1       0016 00996097378         2 27.03.2014
     3         213267 1        1       0016 00033365847         2 15.10.2014
     3         215222 1        1       0016 00999930818         2 01.02.2013
     3         215989 1        2       0016 00033325970         2 25.01.2014
     3         217087 1        1       0016 00981357582         2 28.02.2013
     3         220015 1        1       0016 00033246097         2 19.05.2014

TRANSITO ARQFONES        15/12/2014        10:28:09        - 8 -

    AG            CTA IND ORIG IND TPO DDD  FONE        IND ATULZ HATULZ
------ -------------- -------- ------- ---- ----------- --------- ----------
     3         226992 1        1       0016 00033220511         2 22.07.2014
     3         228145 1        1       0016 00033224112         2 17.07.2014
     3         500382 1        1       0016 00033336199         2 29.11.2013
     3         500755 1        1       0016 00993411065         2 15.08.2014
     3         501862 1        1       0016 00033357633         2 08.10.2014
     3         502051 1        1       0016 00993143182         2 08.10.2014
     3         503167 1        1       0016 00999758425         2 09.10.2014
     3         503632 1        1       0016 00997413734         2 20.06.2014
     3         515161 1        1       0016 00981766454         2 10.05.2013
     3         515499 1        1       0016 00032149303         2 24.01.2014
     3         516146 1        1       0016 00033393077         2 21.05.2014
     3         516239 1        1       0016 00988415866         2 02.09.2014
     3         517016 1        1       0016 00033033000         2 09.12.2013
     3         517293 1        1       0016 00981939418         2 08.05.2014
     3         518077 1        1       0015 00996567237         2 04.07.2014
     3         518160 1        1       0016 00033225669         2 08.07.2014
     3         518171 1        1       0016 00997654904         2 11.09.2014
     3         518186 1        1       0016 00996220056         2 10.06.2014
     3         518394 1        1       0016 00033335050         2 29.08.2014
     3         518411 1        1       0016 00981733715         2 29.08.2014
     3         700215 1        1       0016 00033336575         2 17.10.2014
     4            323 1        1       0018 00996248668         2 29.11.2013
     4            444 1        1       0018 00996540538         2 30.09.2013
     4            824 1        2       0018 00997843350         2 22.10.2014
     4            848 1        1       0018 00996765560         2 17.10.2013
     4           1044 1        1       0018 00997455604         2 10.06.2014
     4           1102 1        1       0018 00996057124         2 14.11.2014
     4           1531 1        2       0018 00033241224         2 29.01.2014
     4           1594 1        1       0018 00997736452         2 09.01.2014
     4           1752 1        1       0018 00997688565         2 25.03.2014
     4           1861 1        1       0018 00997470766         2 28.07.2014
     4           2003 1        1       0018 00997990491         2 06.02.2014
     4           2105 1        1       0018 00996341007         2 14.02.2014
     4           2324 1        1       0018 00981020990         2 05.03.2014
     4           2438 1        1       0018 00999999999         2 14.03.2014
     4           2445 1        1       0018 00033231238         2 23.09.2014
     4           2526 1        1       0011 00971676677         2 21.03.2014
     4           2597 1        1       0018 00033734010         2 08.09.2014
     4           2646 1        1       0018 00997477845         2 27.03.2014
     4           2698 1        1       0018 00033244493         2 01.01.0001
     4           3119 1        1       0018 00033025100         2 02.07.2014
     4           3130 1        1       0018 00033225517         2 23.05.2014
     4           3437 1        1       0011 00967213546         1 21.11.2014
     4           3498 1        2       0018 00997292039         2 04.06.2014
     4           3735 1        2       0018 00033225441         2 27.06.2014
     4           4021 1        1       0018 00033226668         2 22.07.2014
     4           4273 1        1       0018 00996089311         2 13.08.2014
     4           4295 1        1       0018 00996780465         2 28.10.2014
     4           4359 1        1       0018 00033213213         2 18.08.2014
     4           5170 1        1       0018 00033734410         2 29.10.2014
     4          28271 1        1       0018 00033242500         2 14.07.2014
     4          39719 1        1       0018 00033734000         2 30.01.2012
     4          40634 1        1       0018 00033734073         2 11.03.2014
     4          40639 1        1       0018 00033734051         2 06.05.2013

TRANSITO ARQFONES        15/12/2014        10:28:09        - 9 -

    AG            CTA IND ORIG IND TPO DDD  FONE        IND ATULZ HATULZ
------ -------------- -------- ------- ---- ----------- --------- ----------
     4          42245 1        1       0018 00991057178         2 13.05.2014
     4          42521 1        1       0018 00033734000         2 04.07.2011
     4          42909 1        1       0018 00996261212         2 21.10.2013
     4          45886 1        1       0018 00033237761         2 26.01.2011
     4          49393 1        1       0018 00033734000         2 07.05.2014
     4          50526 1        1       0018 00997861739         2 17.02.2012
     4          52149 1        1       0018 00033734000         2 04.07.2014
     4          54686 1        1       0018 00033232765         2 15.10.2014
     4          55390 1        1       0018 00033734073         2 29.07.2009
     4          55925 1        1       0018 00033249144         2 10.10.2014
     4          56048 1        1       0018 00997544007         2 19.05.2014
     4          56898 1        1       0018 00997052481         2 14.08.2014
     4          57312 1        1       0018 00997050773         2 15.09.2014
     4          58215 1        1       0018 00991175704         1 04.04.2014
     4          59467 1        1       0018 00997233415         2 10.09.2014
     4          59858 1        1       0018 00997681006         2 06.08.2013
     4          60151 1        1       0018 00997283142         2 24.04.2014
     4          60337 1        1       0018 00033734000         2 29.09.2014
     4          60520 1        1       0018 00033291195         2 16.05.2011
     4          60648 1        1       0018 00996284428         2 08.10.2014
     4          62598 1        1       0018 00003235632         2 24.04.2014
     4          62627 1        1       0018 00033734000         2 17.12.2008
     4          62965 1        1       0018 00033251624         2 05.04.2012
     4          66201 1        1       0018 00997028470         2 14.07.2014
     4          66869 1        1       0018 00996031471         2 06.10.2014
     4          67087 1        1       0018 00033734179         2 08.07.2014
     4          67809 1        1       0018 00996585382         2 11.09.2014
     4          70108 1        1       0018 00997457098         2 29.04.2014
     4          70222 1        1       0018 00033223347         2 21.03.2014
     4          70326 1        1       0018 00996251077         2 28.11.2014
     4          71720 1        1       0018 00997892195         2 20.06.2014
     4          71900 1        1       0014 00003223145         2 18.06.2014
     4          71973 1        1       0018 00033734000         2 01.08.2012
     4          72639 1        1       0018 00033251777         2 10.10.2014
     4          73454 1        1       0018 00997062348         2 20.12.2006
     4          73470 1        1       0018 00033734207         2 30.06.2014
     4          73700 1        1       0018 00033246986         2 01.01.0001
     4          73769 1        2       0018 00033246522         2 10.09.2014
     4          74606 1        1       0018 00997250041         2 24.05.2013
     4          78833 1        1       0018 00997151220         2 01.08.2014
     4          81284 1        1       0018 00033734000         2 30.08.2011
     4          81312 1        1       0019 00996813181         2 14.08.2014
     4          81527 1        1       0018 00996176727         2 03.09.2014
     4          81794 1        2       0018 00997233415         2 10.11.2014
     4          82535 1        1       0018 00033247209         2 13.08.2014
     4          86970 1        1       0018 00997515789         2 25.04.2012
     4          87182 1        1       0018 00997051312         2 06.03.2014
     4          87600 1        1       0018 00997920068         2 02.05.2014
     4          87720 1        1       0018 00033241469         2 11.10.2011
     4          88557 1        1       0018 00034212674         2 25.04.2014
     4          90540 1        1       0018 00997490773         2 25.02.2013
     4          91942 1        1       0018 00996514863         2 14.09.2012
     4          92000 1        1       0018 00039421249         2 07.01.2014
     4          92108 1        1       0018 00034216060         2 17.02.2014

TRANSITO ARQFONES        15/12/2014        10:28:09        - 10 -

    AG            CTA IND ORIG IND TPO DDD  FONE        IND ATULZ HATULZ
------ -------------- -------- ------- ---- ----------- --------- ----------
     4          92129 1        2       0018 00997749183         2 01.04.2014
     4          92151 1        2       0018 00991664326         2 10.10.2013
     4          92535 1        1       0018 00991488817         2 16.01.2013
     4          92689 1        1       0018 00996109748         2 22.01.2014
     4          92961 1        1       0018 00981836977         2 14.03.2013
     4          93190 1        1       0018 00996312706         2 31.07.2014
     4          93349 1        1       0018 00033226668         2 25.04.2014
     4          93638 1        1       0018 00033236360         2 01.01.0001
     4          93662 1        1       0018 00033734000         2 18.12.2012
     4          93774 1        1       0018 00996131989         2 28.05.2014
     4          94778 1        1       0014 00998137250         2 04.09.2014
     4          98099 1        2       0018 00033026200         2 01.10.2014
     4         400322 1        1       0018 00033216094         2 01.01.0001
     4         400600 1        1       0018 00997854123         2 23.11.2012
     4         400611 1        1       0018 00996167552         2 18.09.2014
     4         401060 1        1       0018 00997644671         2 12.03.2014
     4         401517 1        1       0018 00981209516         2 27.12.2013
     4         401585 1        1       0018 00033244493         2 24.10.2013
     4         420010 1        1       0018 00997779493         2 15.10.2014
     4         500857 1        1       0018 00033246392         2 11.04.2011
     4         505846 1        1       0018 00033242476         2 03.02.2011
     4         506285 1        1       0018 00997272859         2 13.04.2012
     4         506926 1        1       0018 00033215084         2 29.11.2012
     4         507029 1        1       0018 00097040629         2 04.02.2011
     4         507675 1        1       0018 00997520413         2 05.11.2013
     4         600151 1        1       0018 00033224346         2 30.01.2014
     4         600627 1        1       0018 00033241070         2 13.02.2014
     4         600678 1        1       0018 00997320126         2 11.04.2013
     4         600963 1        1       0018 00996381569         2 29.10.2014
     4         601246 1        1       0018 00096093135         2 17.10.2011
     4         601298 1        1       0018 00997834864         2 30.06.2014
     4         601635 1        1       0018 00996234358         2 20.07.2012
     4         602110 1        1       0018 00996441220         2 16.06.2014
     4         700011 1        1       0018 00997058026         2 16.01.2013
     4         700162 1        1       0018 00997122724         2 04.08.2014
     5            255 1        1       0014 00996348905         2 29.05.2014
     5            322 1        1       0014 00991423376         2 21.08.2014
     5            542 1        2       0014 00034714008         2 20.06.2014
     5          28388 1        1       0014 00034710921         2 26.06.2014
     5          28829 1        1       0014 00997037535         2 31.10.2014
     5          32161 1        1       0014 00997865686         2 19.08.2014
     5          36072 1        1       0014 00981149989         2 21.02.2014
     5          36363 1        1       0014 00991628172         2 31.01.2014
     5          39165 1        1       0014 00034714369         2 26.06.2013
     5          42483 1        1       0014 00034064052         1 24.10.2014
     5          42592 1        1       0014 00997211212         2 10.01.2014
     5          42762 1        1       0014 00997449503         2 11.01.2013
     5          42991 1        1       0014 00034711622         2 12.12.2011
     5          46059 1        1       0014 00996076306         2 13.12.2012
     5          46114 1        1       0014 00997857674         2 15.08.2014
     5          46607 1        1       0014 00034063007         2 19.04.2011
     5          47436 1        1       0014 00034715202         1 25.11.2014
     5          48868 1        1       0014 00981534413         2 05.09.2011
     5          48909 1        2       0014 00034071400         2 02.12.2013

TRANSITO ARQFONES        15/12/2014        10:28:09        - 11 -

    AG            CTA IND ORIG IND TPO DDD  FONE        IND ATULZ HATULZ
------ -------------- -------- ------- ---- ----------- --------- ----------
     5          49033 1        1       0014 00981125733         2 17.07.2013
     5          49254 1        1       0014 00997455774         2 17.11.2011
     5          49458 1        1       0014 00091263614         2 27.12.2011
     5          50431 1        2       0014 00981749174         2 03.12.2014
     5          50650 1        1       0014 00034070000         2 09.04.2014
     5          50680 1        2       0014 00034064539         2 29.08.2014
     5          50900 1        2       0014 00034715665         2 16.04.2014
     5          53069 1        1       0014 00034071033         2 26.08.2014
     5          53247 1        1       0014 00991513407         2 22.10.2014
     5         511725 1        1       0014 00981146150         2 27.06.2013
     5         511832 1        1       0014 00997226438         2 19.05.2014
     5         530016 1        1       0014 00997136866         2 14.11.2014
     5         530365 1        1       0014 00034741103         2 26.06.2014
     5         530933 1        1       0014 00998345701         2 03.11.2014
     5         530976 1        1       0014 00034741166         2 18.01.2013
     5         531111 1        1       0014 00034741413         2 28.06.2013
     5         531140 1        1       0014 00034741166         2 13.06.2014
     5         531168 1        1       0014 00091271997         2 12.09.2013
     5         531209 1        1       0014 00996226923         2 25.11.2013
     5         531232 1        1       0014 00034741164         2 01.04.2014
     5         540526 1        1       0014 00997586093         2 14.10.2014
     5         540706 1        1       0014 00034731097         2 04.09.2014
     5         540712 1        1       0014 00996986097         2 17.02.2014
     5         540739 1        2       0014 00034731135         2 20.02.2014
     5         540794 1        1       0014 00997787557         1 24.08.2013
     5         550009 1        1       0014 00996329088         2 15.07.2014
     5         550045 1        1       0016 00997624901         2 21.07.2014
     5         597267 1        1       0014 00097913150         2 18.05.2012
     5         600555 1        2       0014 00034075555         2 06.11.2014
     5         600886 1        1       0014 00997939509         2 24.11.2014
     6          14557 1        1       0014 00035525153         2 26.02.2014
     6          20453 1        1       0014 00997827600         2 03.06.2014
     6          20497 1        1       0014 00996916044         2 22.10.2014
     6          20654 1        1       0014 00996956071         2 01.01.0001
     6          20659 1        1       0014 00997071883         2 17.02.2014
     6          20725 1        1       0014 00996231572         2 23.02.2011
     6          20751 1        1       0014 00996725127         2 15.03.2011
     6          20901 1        1       0014 00035523038         1 22.03.2014
     7            291 1        1       0014 00035531095         2 21.10.2014
     7            415 1        2       0014 00035223523         2 10.10.2014
     7            580 1        1       0014 00997661102         2 10.11.2014
     7            934 1        1       0018 00981057953         2 09.05.2014
     7           1407 1        1       0014 00991756577         2 30.05.2014
     7           1914 1        1       0014 00996979308         2 29.09.2014
     7           1972 1        1       0014 00991144454         2 15.10.2014
     7           1984 1        2       0014 00996945713         2 30.09.2014
     7          32786 1        1       0014 00035231405         2 01.01.0001
     7          44933 1        1       0014 00991240262         2 28.01.2014
     7          47632 1        1       0014 00997272915         2 11.06.2012
     7          59156 1        1       0014 00035220879         2 19.08.2013
     7          60084 1        1       0014 00997255617         2 28.01.2014
     7          63213 1        1       0014 00991712927         2 22.04.2014
     7          63754 1        1       0014 00035332041         2 03.11.2014
     7          65642 1        1       0014 00981379940         2 06.11.2014

TRANSITO ARQFONES        15/12/2014        10:28:09        - 12 -

    AG            CTA IND ORIG IND TPO DDD  FONE        IND ATULZ HATULZ
------ -------------- -------- ------- ---- ----------- --------- ----------
     7          66688 1        1       0014 00996516382         2 29.08.2014
     7          70623 1        1       0014 00996431461         2 20.11.2014
     7          70988 1        1       0014 00997387698         2 27.08.2014
     7          72331 1        1       0014 00035332041         2 26.07.2011
     7          72460 1        1       0014 00097058934         2 14.07.2010
     7          72515 1        1       0014 00035471802         2 01.01.0001
     7          72706 1        1       0014 00035332040         2 19.09.2011
     7          72726 1        1       0014 00035321717         2 15.10.2014
     7          72847 1        1       0014 00035234440         2 06.11.2014
     7          72892 1        1       0014 00996895491         2 20.11.2014
     7          72989 1        1       0014 00035531432         2 12.08.2014
     7          73050 1        1       0014 00035232301         2 10.03.2014
     7          73522 1        1       0014 00035291179         2 01.01.0001
     7          73590 1        1       0014 00035321417         2 01.01.0001
     7          74097 1        1       0016 00997143141         2 05.09.2014
     7          74355 1        1       0014 00991522808         2 19.11.2014
     7          74485 1        1       0014 00035328189         2 01.09.2014
     7          74823 1        1       0011 00982237067         2 11.11.2014
     7          74887 1        1       0014 00035461229         2 07.04.2014
     7          75196 1        1       0014 00997153458         2 22.02.2012
     7          75332 1        1       0014 00996976162         2 22.08.2012
     7          75340 1        1       0014 00997690061         2 05.11.2014
     7          75901 1        1       0014 00991523107         2 06.11.2014
     7          76660 1        1       0014 00997996660         2 16.04.2012
     7          77713 1        1       0014 00981359695         1 21.02.2014
     7          77716 1        1       0014 00097456942         2 16.02.2011
     7          78056 1        1       0014 00997139045         2 11.04.2013
     7          80534 1        1       0014 00035234293         2 19.08.2011
     7          81553 1        1       0067 00033858419         2 24.07.2014
     7          81821 1        1       0014 00997448672         2 19.04.2012
     7          81844 1        1       0014 00035321990         2 01.01.0001
     7          81937 1        1       0014 00998428262         2 16.01.2014
     7          81990 1        1       0014 00997054070         2 01.01.0001
     7          81998 1        1       0014 00991963969         2 13.01.2014
     7          82349 1        1       0014 00034727378         2 01.01.0001
     7          82427 1        1       0014 00035325750         2 02.07.2013
     7          82562 1        1       0014 00035321245         2 02.10.2013
     7          82890 1        1       0014 00035321621         2 15.07.2014
     7          82910 1        1       0014 00998081631         2 26.03.2014
     7          82963 1        1       0014 00997170110         2 17.12.2012
     7          83290 1        1       0014 00097096914         2 16.08.2010
     7          83672 1        1       0014 00097336017         2 03.03.2011
     7          83894 1        1       0014 00097959234         2 08.11.2010
     7          84144 1        1       0014 00097950315         2 21.12.2010
     7          84823 1        1       0019 00035421926         2 19.09.2014
     7          85304 1        1       0017 00032148000         2 19.04.2012
     7          86259 1        1       0051 00081499920         2 21.07.2014
     7          86554 1        1       0014 00981118652         2 26.08.2014
     7          86569 1        1       0014 00091653926         2 01.01.0001
     7          87012 1        1       0014 00997647123         2 20.06.2014
     7          88015 1        1       0099 00099999999         2 10.10.2014
     7          88370 1        1       0014 00998505350         2 15.07.2013
     7          88687 1        1       0014 00035221331         2 20.03.2013
     7          88718 1        1       0014 00981441543         2 29.11.2012

TRANSITO ARQFONES        15/12/2014        10:28:09        - 13 -

    AG            CTA IND ORIG IND TPO DDD  FONE        IND ATULZ HATULZ
------ -------------- -------- ------- ---- ----------- --------- ----------
     7          88963 1        1       0014 00035332041         1 21.11.2014
     7          89595 1        1       0014 00996499180         2 14.06.2013
     7         510305 1        1       0014 00997254763         2 07.05.2012
     7         510408 1        1       0063 00034113500         1 06.12.2014
     7         520558 1        1       0014 00997310601         2 25.05.2011
     7         520999 1        1       0014 00996916422         2 14.02.2013
     7         521370 1        1       0014 00996566534         2 05.05.2014
     7         521400 1        1       0014 00997394799         2 29.05.2014
     7         530165 1        1       0014 00035461190         2 17.07.2013
     7         540092 1        1       0014 00991676205         2 05.01.2012
     7         630404 1        1       0014 00035326396         1 25.11.2014
     7         630560 1        1       0014 00999589775         2 30.08.2013
     7         631122 1        1       0014 00096909256         2 01.12.2014
     7         631374 1        1       0014 00097006297         2 14.05.2014
     7         631391 1        1       0014 00097248249         2 02.05.2014
     7         631409 1        1       0014 00096652103         2 06.11.2014
     7         631458 1        1       0014 00996872679         2 15.08.2014
     7         650018 1        1       0014 00097477222         2 01.01.0001
     7         670110 1        1       0011 00037388313         2 03.01.2013
     8            352 1        1       0014 00098879050         2 30.12.2013
     8            539 1        1       0014 00034052100         2 05.05.2014
     8            727 1        1       0014 00034522644         2 11.08.2014
     8            855 1        2       0014 00034523813         2 03.10.2014
     8          12774 1        1       0014 00034521168         2 22.10.2014
     8          27442 1        1       0011 00962865342         2 01.01.0001
     8          30793 1        1       0014 00997317207         2 21.07.2014
     8          30875 1        1       0014 00034524271         2 09.07.2014
     8          31618 1        1       0014 00996533439         2 11.09.2014
     8          31929 1        1       0014 00996754908         2 25.02.2014
     8          33656 1        1       0014 00991197642         2 25.06.2014
     8          35227 1        1       0014 00996000971         2 23.06.2014
     8          35682 1        1       0014 00997754945         2 10.09.2014
     8          37747 1        1       0014 00034523906         2 06.06.2014
     8          38108 1        1       0014 00981182248         2 09.12.2013
     8          38384 1        1       0014 00997483421         2 29.02.2012
     8          38396 1        1       0014 00034321319         2 01.01.0001
     8          38404 1        1       0014 00991623649         2 29.11.2012
     8          38648 1        1       0014 00034522811         2 30.04.2014
     8          39153 1        1       0014 00981459715         2 21.11.2012
     8          39461 1        1       0014 00997279256         2 01.01.0001
     8          39623 1        1       0014 00034172727         1 19.09.2006
     8          39685 1        1       0014 00034520000         2 19.02.2014
     8          40139 1        1       0014 00981273920         2 09.10.2014
     8          40812 1        1       0014 00034521866         2 29.04.2013
     8          40903 1        2       0014 00034521966         2 23.07.2014
     8          40943 1        1       0014 00997029083         2 17.10.2014
     8          40967 1        1       0014 00996898541         2 03.10.2011
     8          40992 1        1       0014 00034522952         2 19.07.2011
     8          41523 1        2       0014 00081071314         2 13.10.2014
     8          41637 1        1       0018 00035821313         2 24.12.2012
     8          41715 1        1       0014 00034522721         2 04.09.2012
     8          41833 1        1       0014 00991264703         2 21.02.2013
     8          42112 1        1       0014 00998496831         2 22.10.2014
     8          42197 1        1       0014 00997939057         2 21.10.2013

TRANSITO ARQFONES        15/12/2014        10:28:09        - 14 -

    AG            CTA IND ORIG IND TPO DDD  FONE        IND ATULZ HATULZ
------ -------------- -------- ------- ---- ----------- --------- ----------
     8          42383 1        1       0014 00034521659         2 01.01.0001
     8         500319 1        1       0014 00034052100         2 25.05.2012
     8         500338 1        1       0014 00034522790         2 26.09.2013
     9           1086 1        1       0018 00032656000         2 04.09.2014
     9          27236 1        2       0018 00032652589         2 19.02.2014
     9          28053 1        1       0018 00032655143         2 01.08.2013
     9          28068 1        1       0018 00997162030         2 04.08.2014
     9          34229 1        1       0018 00997421033         2 16.05.2014
     9          36445 1        1       0018 00032654878         2 29.07.2014
     9          37491 1        1       0018 00032655405         2 04.03.2013
     9          38394 1        1       0018 00991474496         2 27.01.2012
     9          38779 1        1       0018 00997811301         2 10.04.2014
     9          39641 1        2       0018 00032657835         2 07.07.2014
     9          39750 1        1       0018 00032655049         2 07.07.2014
     9          41197 1        1       0018 00032654545         2 22.12.2011
     9          51110 1        1       0018 00032652083         2 23.07.2012
     9          53583 1        1       0018 00032657149         2 22.05.2014
     9          54002 1        1       0018 00996630454         2 06.12.2013
     9          54083 1        1       0018 00032654340         2 25.04.2011
     9          54118 1        1       0018 00032658157         2 28.04.2011
     9          54739 1        1       0018 00032653935         2 14.07.2011
     9          54805 1        1       0018 00032655092         2 14.05.2012
     9          55354 1        1       0018 00032657296         2 01.01.0001
     9          55594 1        1       0018 00032659200         2 05.08.2014
     9          55669 1        1       0018 00032659200         2 08.09.2014
     9          55733 1        1       0018 00032659200         2 03.09.2014
     9          55761 1        1       0018 00032659200         2 05.08.2014
     9          56051 1        1       0018 00032659200         2 15.05.2012
     9          56143 1        1       0018 00032659200         2 12.09.2011
     9          56164 1        1       0018 00032659200         2 01.07.2014
     9          56550 1        1       0018 00032653275         1 20.09.2006
     9          56679 1        1       0018 00997353485         2 30.09.2013
     9          56785 1        1       0018 00996160978         2 13.01.2012
     9          56892 1        1       0018 00997100083         2 05.11.2014
     9          56915 1        1       0018 00996380427         2 14.03.2013
     9          59771 1        1       0018 00097621549         2 11.04.2011
     9          59854 1        1       0018 00996378173         2 03.11.2011
     9          59856 1        1       0018 00032656500         2 03.11.2011
     9          60423 1        1       0018 00032659510         2 08.07.2011
     9          60766 1        1       0018 00038721200         2 01.01.0001
     9          61374 1        1       0018 00032659510         2 18.01.2012
     9          61452 1        1       0018 00032656500         2 25.01.2012
     9          61610 1        1       0018 00032654935         1 21.06.2014
     9          61857 1        1       0018 00997949668         2 08.09.2014
     9          63276 1        1       0018 00032651908         2 18.09.2014
     9          63315 1        1       0028 00032653213         2 10.09.2012
     9          63517 1        1       0018 00997530542         2 19.10.2012
     9          63619 1        1       0018 00032657051         2 01.01.0001
     9          63623 1        1       0018 00032659510         2 17.10.2012
     9          64199 1        1       0018 00032658096         2 04.01.2013
     9          64209 1        1       0018 00997343625         2 10.03.2014
     9          64284 1        1       0018 00032658241         2 14.01.2013
     9          64720 1        1       0062 00030010140         2 26.08.2013
     9          65112 1        1       0018 00996167757         2 04.04.2014

TRANSITO ARQFONES        15/12/2014        10:28:09        - 15 -

    AG            CTA IND ORIG IND TPO DDD  FONE        IND ATULZ HATULZ
------ -------------- -------- ------- ---- ----------- --------- ----------
     9          65222 1        1       0018 00997518158         2 14.10.2014
     9          65333 1        1       0018 00032656798         2 22.08.2014
     9          65472 1        1       0018 00991400638         2 30.04.2013
     9          65587 1        1       0018 00997622603         2 15.05.2014
     9          65609 1        1       0018 00996646783         2 14.07.2014
     9          66190 1        1       0018 00032659510         2 27.08.2013
     9          67116 1        1       0018 00996468249         2 14.01.2014
     9         511952 1        1       0018 00032654093         2 21.10.2014
     9         600052 1        1       0018 00032653213         1 05.12.2014
     9         600070 1        1       0018 00032651455         2 19.12.2011
    10             56 1        1       0014 00996166207         2 14.05.2013
    10             93 1        1       0014 00034414469         1 05.12.2014
    10            210 1        1       0014 00034964704         2 25.06.2013
    10            542 1        1       0014 00340404040         2 26.09.2014
    10            926 1        1       0014 00996388271         2 25.01.2014
    10            959 1        1       0014 00034411790         2 21.01.2014
    10           1456 1        1       0014 00996119277         2 13.05.2014
    10          36396 1        1       0014 00996923314         2 23.06.2014
    10          39737 1        1       0014 00034966661         2 27.01.2014
    10          45466 1        1       0014 00034965653         2 09.06.2014
    10          47317 1        1       0014 00997844315         2 29.07.2014
    10          48185 1        1       0014 00034913112         2 20.06.2014
    10          53298 1        1       0014 00997355003         2 06.11.2013
    10          60219 1        1       0014 00034962640         2 23.04.2014
    10          60378 1        1       0014 00034966805         2 13.01.2014
    10          61957 1        1       0017 00997592234         2 23.07.2014
    10          64090 1        1       0014 00096055010         2 21.01.2011
    10          66009 1        2       0011 00947650200         2 17.09.2014
    10          67220 1        1       0014 00997971479         2 22.08.2013
    10          67419 1        1       0014 00081225805         2 06.01.2010
    10          69444 1        1       0014 00997220000         2 22.09.2014
    10          69701 1        1       0014 00034964549         2 31.12.2013
    10          71394 1        1       0014 00034962695         2 14.07.2014
    10          74275 1        1       0014 00034966093         2 25.07.2014
    10          74403 1        1       0014 00981237245         2 22.10.2014
    10          76721 1        1       0014 00997986169         2 17.05.2012
    10          77878 1        1       0014 00034914408         2 12.03.2013
    10          80932 1        1       0014 00991478648         2 06.03.2013
    10         210124 1        1       0014 00997925959         2 26.11.2014
    10         500143 1        1       0014 00034916245         2 11.11.2013
    10         504497 1        1       0014 00996775521         2 26.07.2013
    10         510254 1        1       0014 00034771254         2 16.09.2009
    10         510446 1        1       0014 00997378717         2 20.12.2013
    10         541198 1        1       0014 00996386824         2 23.10.2014
    10         700081 1        1       0014 00991675093         2 29.08.2014
    11          14457 1        2       0014 00998133982         2 31.01.2014
    11          18267 1        1       0014 00034921406         1 12.11.2014
    11          18509 1        1       0014 00997952700         2 13.08.2014
    11          18720 1        1       0014 00997259854         2 29.09.2014
    11          19706 1        2       0014 00034921722         2 22.10.2014
    11          19773 1        1       0014 00034921884         2 30.06.2010
    11          19905 1        1       0014 00997213880         2 28.08.2014
    11          20276 1        2       0014 00096964375         2 25.06.2008
    11          20797 1        1       0014 00097056594         2 25.10.2010

TRANSITO ARQFONES        15/12/2014        10:28:09        - 16 -

    AG            CTA IND ORIG IND TPO DDD  FONE        IND ATULZ HATULZ
------ -------------- -------- ------- ---- ----------- --------- ----------
    11          21178 1        1       0014 00996537490         2 29.05.2013
    11          21199 1        1       0014 00034921932         2 16.06.2014
    11          21214 1        1       0014 00981125709         2 10.02.2011
    11          21232 1        1       0014 00996867203         2 20.01.2014
    11          21247 1        1       0014 00997954273         2 06.11.2014
    11          21293 1        1       0014 00034923301         2 25.09.2013
    11          22054 1        1       0014 00981492293         2 17.12.2013
    12            269 1        1       0035 00033923200         2 01.09.2014
    12            591 1        1       0019 00981129888         2 07.04.2014
    12            645 1        1       0018 00981154472         2 02.06.2014
    12            654 1        1       0018 00996037222         2 11.02.2014
    12            674 1        1       0018 00981980959         2 10.04.2014
    12            977 1        1       0018 00037237273         2 01.01.0001
    12           1104 1        1       0014 00996206198         2 16.10.2014
    12           1238 1        1       0018 00037026000         2 13.10.2014
    12           1359 1        1       0018 00996521222         2 30.10.2014
    12           1508 1        1       0018 00037234518         2 06.08.2014
    12           2188 1        2       0018 00981383078         2 27.10.2014
    12          29333 1        1       0018 00037224061         2 05.09.2013
    12          29925 1        1       0018 00037227888         2 09.11.2012
    12          40324 1        1       0018 00037229492         2 04.03.2013
    12          42265 1        1       0018 00037224671         2 28.03.2014
    12          43428 1        1       0018 00997047531         2 29.09.2014
    12          50079 1        1       0018 00037224831         1 20.09.2006
    12          52163 1        1       0018 00037229404         2 15.10.2012
    12          59231 1        1       0018 00037229598         2 23.01.2012
    12          59270 1        2       0018 00037222473         2 20.10.2014
    12          59970 1        2       0018 00037234432         2 29.10.2014
    12          59979 1        1       0019 00032763760         2 28.02.2014
    12          60628 1        2       0018 00981110094         2 24.09.2014
    12          62501 1        1       0018 00996593973         2 14.11.2014
    12          66482 1        1       0018 00981239187         2 13.11.2014
    12          70706 1        1       0018 00037051280         2 19.03.2014
    12          71137 1        1       0018 00037232024         2 14.10.2014
    12          71260 1        1       0018 00997551894         2 22.04.2013
    12          71495 1        1       0018 00997047441         2 15.03.2013
    12          71568 1        1       0018 00996467250         2 19.02.2014
    12          71737 1        1       0018 00996148060         2 07.11.2012
    12          72340 1        1       0018 00037228921         2 27.08.2014
    12          72341 1        1       0018 00037233365         2 25.08.2014
    12          72504 1        1       0018 00037214119         2 08.11.2012
    12          72574 1        1       0018 00037226503         2 27.01.2014
    12          72709 1        1       0018 00997149453         2 25.09.2014
    12          73100 1        1       0018 00037223139         2 31.01.2014
    12          73292 1        1       0018 00991379136         2 15.09.2014
    12          73355 1        1       0018 00997098036         2 20.10.2010
    12          73516 1        1       0018 00997820009         2 27.10.2014
    12          73543 1        1       0021 00988567710         2 05.02.2014
    12          73553 1        1       0018 00038750216         2 30.07.2014
    12          73695 1        1       0018 00996132500         2 26.07.2013
    12          73958 1        1       0018 00037026000         2 05.05.2014
    12          73999 1        2       0018 00037237761         2 14.05.2014
    12          74038 1        1       0011 00031711163         2 01.12.2014
    12          75782 1        1       0018 00991114446         2 04.06.2012

TRANSITO ARQFONES        15/12/2014        10:28:09        - 17 -

    AG            CTA IND ORIG IND TPO DDD  FONE        IND ATULZ HATULZ
------ -------------- -------- ------- ---- ----------- --------- ----------
    12          76045 1        2       0018 00996538564         2 07.08.2014
    12          76538 1        1       0018 00037029700         2 03.11.2014
    12          76988 1        1       0018 00037237256         2 29.08.2014
    12          77024 1        1       0018 00037026000         2 07.11.2012
    12          77162 1        2       0018 00037222000         2 19.12.2013
    12          77383 1        1       0018 00037227485         2 18.03.2014
    12          78100 1        1       0018 00037227230         2 24.11.2014
    12          79902 1        1       0018 00997090254         2 17.07.2014
    12          79959 1        2       0018 00037433100         2 16.05.2014
    12         300072 1        1       0018 00996023206         2 26.06.2014
    12         300087 1        1       0018 00997546250         2 13.09.2013
    12         300148 1        1       0018 00037449406         2 25.06.2014
    12         300151 1        1       0018 00037419100         2 26.07.2013
    12         300531 1        1       0018 00037449400         2 20.12.2013
    12         390058 1        1       0018 00997093755         2 05.07.2013
    12         500390 1        1       0018 00996379646         2 02.06.2014
    12         500789 1        1       0018 00037413288         2 27.03.2014
    12         500917 1        1       0018 00037449406         2 02.04.2013
    12         501001 1        1       0018 00997639327         2 21.05.2014
    12         501096 1        1       0018 00097443059         2 25.01.2012
    12         501168 1        1       0018 00037449400         2 14.08.2013
    12         501243 1        1       0018 00997397747         2 14.03.2014
    12         501407 1        1       0018 00997023976         2 03.04.2014
    12         501464 1        1       0018 00997944132         2 01.12.2010
    12         501562 1        1       0034 00098005115         2 31.03.2014
    12         501694 1        1       0018 00999999999         2 23.05.2012
    12         600199 1        1       0018 00996530599         2 06.10.2014
    12         600730 1        1       0018 00037236223         2 09.09.2013
    12         600974 1        1       0018 00981349886         2 03.06.2014
    12         601618 1        1       0018 00037235223         1 10.08.2012
    12         606059 1        1       0018 00997491805         2 25.01.2012
    12         606170 1        1       0018 00996077651         2 23.09.2014
    12         606344 1        1       0018 00037227948         2 26.08.2013
    12         702062 1        1       0018 00997471331         2 24.10.2011
    12         702192 1        1       0018 00981585102         2 26.09.2014
    12         704527 1        1       0018 00037211214         2 11.09.2012
    12         704605 1        1       0018 00037021000         1 07.05.2014
    12         704681 1        1       0018 00037229486         1 23.02.2013
    12         704900 1        1       0018 00037229000         2 28.08.2013
    12         781062 1        1       0014 00081746864         2 09.04.2014
    13            154 1        1       0014 00032396144         2 11.11.2013
    13            421 1        1       0014 00021079100         2 11.09.2013
    13            870 1        1       0014 00997758786         2 14.05.2014
    13           1234 1        1       0014 00997456368         2 28.11.2014
    13           2739 1        1       0014 00996236133         2 24.11.2014
    13           2992 1        1       0014 00021088000         2 18.07.2014
    13           4070 1        2       0014 00997795267         2 16.07.2014
    13           4118 1        1       0014 00032274191         2 15.07.2014
    13           4199 1        2       0014 00997958912         2 21.07.2014
    13           4693 1        2       0014 00996956759         2 08.09.2014
    13          21674 1        1       0014 00032392159         2 29.07.2014
    13          54332 1        1       0014 00032371606         1 04.12.2014
    13          55639 1        1       0014 00997928758         2 24.02.2014
    13          57499 1        1       0014 00981067857         2 10.12.2014

TRANSITO ARQFONES        15/12/2014        10:28:09        - 18 -

    AG            CTA IND ORIG IND TPO DDD  FONE        IND ATULZ HATULZ
------ -------------- -------- ------- ---- ----------- --------- ----------
    13          65268 1        1       0014 00997991077         2 11.07.2014
    13         100618 1        1       0014 00032391720         2 29.01.2014
    13         110574 1        1       0014 00032771859         2 18.02.2013
    13         112380 1        1       0014 00997728987         1 05.12.2014
    13         119006 1        1       0014 00997897758         2 17.09.2014
    13         119583 1        1       0014 00032773849         2 20.08.2014
    13         120505 1        1       0014 00997958912         2 21.07.2014
    13         127594 1        2       0014 00997454819         2 01.12.2014
    13         134106 1        1       0014 00996929690         2 20.11.2013
    13         136219 1        1       0014 00032771436         2 17.09.2012
    13         137161 1        1       0014 00032360208         1 19.09.2006
    13         140258 1        2       0014 00032273594         2 05.06.2014
    13         142239 1        1       0014 00032312262         2 05.06.2014
    13         153139 1        1       0014 00032772415         2 19.08.2014
    13         154772 1        2       0014 00032041741         2 27.01.2014
    13         154895 1        1       0014 00032261817         2 22.09.2014
    13         155034 1        1       0014 00997260008         2 25.05.2013
    13         156246 1        1       0014 00981250346         2 21.08.2014
    13         156488 1        1       0014 00991411454         2 28.11.2014
    13         158411 1        1       0014 00988089627         2 16.06.2011
    13         160570 1        1       0014 00032374515         2 11.12.2013
    13         162399 1        1       0014 00032372783         2 21.03.2014
    13         163005 1        1       0014 00996948514         2 22.10.2014
    13         165570 1        1       0014 00032327453         2 26.05.2014
    13         166551 1        1       0014 00997261353         2 08.10.2014
    13         167339 1        2       0014 00033137335         2 27.12.2013
    13         167702 1        2       0014 00997935314         2 28.07.2014
    13         167874 1        2       0014 00032271686         2 01.09.2014
    13         168335 1        1       0014 00988221666         2 01.07.2014
    13         168555 1        2       0014 00996927943         2 07.02.2014
    13         169510 1        1       0014 00997736906         2 22.04.2014
    13         169534 1        2       0034 00030864056         2 01.01.0001
    13         170419 1        1       0014 00991185202         2 04.04.2012
    13         170509 1        1       0014 00997828286         2 26.02.2014
    13         170622 1        1       0017 00030169455         2 07.05.2014
    13         170919 1        1       0014 00032383026         2 09.11.2012
    13         180123 1        1       0014 00991021020         2 26.06.2014
    13         180543 1        1       0014 00988110895         2 06.02.2014
    13         180571 1        1       0014 00032394573         2 01.01.0001
    13         185108 1        1       0014 00033416503         2 14.07.2014
    13         185219 1        1       0014 00997387442         2 20.12.2010
    13         185585 1        1       0014 00032393424         2 09.06.2014
    13         186216 1        1       0014 00032042629         2 29.07.2013
    13         187153 1        1       0014 00998301958         2 08.10.2014
    13         187545 1        1       0014 00991044418         2 22.10.2014
    13         187882 1        1       0014 00032394422         2 10.01.2013
    13         188262 1        1       0014 00991317111         2 01.01.0001
    13         188281 1        1       0014 00032391943         2 10.02.2011
    13         188687 1        1       0014 00032373099         1 05.12.2013
    13         188727 1        1       0014 00988082948         2 14.07.2014
    13         189827 1        1       0014 00997820554         2 24.11.2014
    13         191335 1        2       0014 00997668308         2 25.08.2014
    13         191850 1        2       0014 00038796149         2 27.11.2014
    13         193307 1        1       0014 00996170528         2 22.08.2014

TRANSITO ARQFONES        15/12/2014        10:28:09        - 19 -

    AG            CTA IND ORIG IND TPO DDD  FONE        IND ATULZ HATULZ
------ -------------- -------- ------- ---- ----------- --------- ----------
    13         194666 1        1       0014 00032348855         2 18.06.2014
    13         195026 1        1       0014 00032032634         2 28.10.2014
    13         195641 1        1       0014 00991738496         2 30.09.2014
    13         195912 1        1       0014 00021088000         2 25.08.2009
    13         196364 1        1       0014 00991378781         2 28.01.2014
    13         197835 1        2       0014 00997124934         2 25.09.2014
    13         203266 1        1       0014 00997466816         2 24.07.2014
    13         204478 1        1       0014 00032030381         2 16.08.2013
    13         204697 1        1       0014 00981226903         2 28.11.2014
    13         205004 1        1       0014 00998131504         2 02.05.2014
    13         205178 1        1       0014 00021088000         2 07.01.2014
    13         205476 1        1       0014 00097631397         2 01.01.0001
    13         205524 1        2       0014 00997498313         2 25.06.2014
    13         206033 1        2       0014 00031044932         2 14.07.2014
    13         206672 1        1       0014 00081299487         2 01.01.0001
    13         206765 1        1       0014 00032264517         2 09.09.2014
    13         206771 1        1       0014 00988135508         2 27.05.2014
    13         208099 1        1       0014 00021063000         2 16.04.2014
    13         208356 1        1       0014 00996503900         2 03.11.2014
    13         208800 1        1       0014 00021088000         2 04.06.2014
    13         209053 1        1       0014 00996824217         2 12.05.2014
    13         210433 1        1       0014 00021088000         1 06.12.2013
    13         211148 1        1       0014 00032775100         2 14.08.2012
    13         211676 1        1       0014 00988054725         2 20.01.2014
    13         212484 1        1       0014 00996103178         2 06.11.2014
    13         212594 1        1       0011 00028795512         2 13.02.2013
    13         213203 1        1       0014 00998720662         2 13.05.2014
    13         213578 1        1       0014 00981007973         2 12.06.2013
