CLLP1425.AVISO1
CONTA 
*******
0000034
0000035
0000036

CLLP1425.AVISO2

CONTRATO
*****
98145
96145
99145
41345



CLLP1431.AVISO4
CONTA
*******
0000005
0000011
0000014
0000042
0000046
0000027

CLLP1431.AVISO5
CONTRATO
******
10024
10016
10004

------------------------------------------------------------------
FECHADO CLLP1425 - 1431
------------------------------------------------------------------



CLLP1430.AVISO3
CONTA
*******
0000007
0000030
0000049
0000043
0000041
0000045
0000008
0000033
0000002
0000034
0000045
0000009
0000043
0000009
0000008
0000041
0000030
0000048
0000035


CLLP1436.AVISO6
CONTRATO
******************
41545
41645
94145
95145
47645
47345
47545
92145
93145
93145
97145
41745
98145
41945
47445
41745
47345
47645
91145
41845

CLLP1437.AVISO7
CONTA
*********************
0000050
0000002
0000011
0000011
0000025
0000010
0000040
0000004
0000047
0000051
0000052
0000003
0000040
0000010
0000006
0000004
0000009
0000013
0000044
0000006
0000044
0000014
0000042
0000005


CLLP1441.AVISO8
CONTRATO
********************

48045
47145
42045
41945
42045
10024
41145
41245
48045
47845
41345
41145
47245
47245
47945
47745
47945
41445


