                         --- INICIO DO RELATORIO ---                                                     --- INICIO DO RELATORIO ---                            
                                                                                                                                                                
CLLP2672                                           BANCO BRADESCO S/A                                                    FOLHA:    1                            
05/03/2015                      RELACAO DE REGISTROS MIGRADOS / RETIRADOS DO PROCESSO SICV                                  11:00:49                            
                                                                                                                                                                
                    L E G A D O                                                          N O V A  A R Q U I T E T U R A                                         
------------------------------------------------------------------------------------------------------------------------------------                            
       AGENCIA     CONTA       CARTEIRA        CONTRATO                            CPSSOA-JURIDC    CTPO-CONTR    NSEQ-CONTR                                    
                                                                                                                                                                
             2       159            348         4040702                                  2269651            17             3                                    
             2       246            348         4005053                                  2269651            17             6                                    
             2       298            348         4008356                                  2269651            17            12                                    
             2       364            348         4041683                                  2269651            17            17                                    
             2      1185            348         4040628                                  2269651            17            23                                    
             2      8691            348         1349521                                  2269651            17            32                                    
             2     10825            351         1295941                                  2269651            17            62                                    
             2     12408            197             118                                  2269651            17            80                                    
             2     13520            340            1025                                  2269651            17            99                                    
             2     14646            280           50431                                  2269651            17           101                                    
             2     15037            347         1833961                                  2269651            17           102                                    
             2     24893            197             158                                  2269651            17           157                                    
             2     26850            621         1003888                                  2269651            17           161                                    
             2     29008            142         7764268                                  2269651            17           178                                    
             2     31102            375          111026                                  2269651            17           184                                    
             2     34901            787          116163                                  2269651            17           238                                    
             2     57446            375          111227                                  2269651            17           564                                    
             2     87068            518         4732531                                  2269651            17      25595392                                    
             2     87188            348         3957167                                  2269651            17      25997849                                    
             2     89927            855         1247325                                 26788691            17         39182                                    
             2     89940            725         9058413                                  2269651            17          1570                                    
             2     90105            725         7501328                                  2269651            17          1581                                    
             2     93158            444         2763947                                  2269651            17          2141                                    
             2     95004            725         4658869                                  2269651            17          2419                                    
             2     95336            444         9679962                                  2269651            17          2453                                    
             2     95448            725         4596455                                  2269651            17          2486                                    
             2     95584            725         4570434                                  2269651            17          2515                                    
             2     95600            729         5162733                                  2269651            17          2516                                    
             2     97497            725         7321256                                  2269651            17      26327870                                    
             2     97736            444         9309860                                  2269651            17          3212                                    
                                                                                                                                                                
                                                                                                                                                                
                                   S U M A R I Z A C A O                                                                                                        
                                   =======================================================                                                                      
                                   LIDOS - ARQUIVO ARQNMIGR...........:              4.619                                                                      
                                   LIDOS - ARQUIVO MIGRADOS...........:              1.000                                                                      
                                   REGISTRO QUE CONTINUAM NO PROCESSO.:                 30                                                                      
                                   REGISTROS RETIRADOS DO PROCESSO....:                 30                                                                      
