
TRANSITO CTACORR.BASEFICA DESENVOLVIMENTO        18/06/2014        15:33:41

    AG            CTA   CPF/CNPJ FILIAL CTRL TP PESSOA HATULZ
------ -------------- ---------- ------ ---- --------- ----------
    85         217582  660000175      0   53           01.01.0001
   183          22870    2995562      2   29 1         26.08.2013
   241          88800     108217      1   10           01.01.0001
   284          81396     122719      2   86           01.01.0001
   309         161352  660000171      0   20           01.01.0001
   338          23800   72375017      2   15 2         17.10.2013
   341          27580     106889      0    0           01.01.0001
   349          20000          0      0    0 1         01.01.0001
   429          14851   76192129      2   91 2         01.01.0001
   429          17270   78793189      2   95 2         01.01.0001
   456          52408    7784754      3   90 2         23.07.2013
   472          37733     107434      1   95           01.01.0001
   536          31220    7552901      3    5           01.01.0001
   545          46227  660000096      0   15 1         01.01.0001
   578         500334  660000090      0   20           01.01.0001
  1107           2892  660000176      0   34           01.01.0001
  1109          33108   11114820      2    1           01.01.0001
  1252           8024   92647023      2   91           01.01.0001
  1456            236     142080      1   10           01.01.0001
  1523           1103   60485935     18   85 1         16.01.2013
  1590           1858     122703      1   92           01.01.0001
  1646           4349  660000172      0    0 1         08.11.2012
  1647         506181     109261      0   86           01.01.0001
  1677         780779  660000095      0   34           01.01.0001
  2144            392     140792      0   91 1         28.05.2014
  2144           6096     139192      0   53           01.01.0001
  2235           6591  660000099      0   68           01.01.0001
  2263            588   98246119      3    5           01.01.0001
  2365          18216   41379900      2   50           01.01.0001
  2367          76330  660000253      1    0           01.01.0001
  2368          17710    4307088      6   54           01.01.0001
  2378          36007  660000179      0   87           01.01.0001
  2482         859062  660000091      0    0           01.01.0001
  3001         172313  660000254      1   91           01.01.0001
  3064         690229     120005      0   40           01.01.0001
  3200           6040   82489741      2   23           01.01.0001
  3212         520931  668832024      0    4 1         01.01.0001
  3367         126500          0      0    0           01.01.0001
  3464          12900  660000251      5   49           01.01.0001
  3679          13402  660000250      1   68           01.01.0001
  4025        7539264  660000173      0   91           01.01.0001
  4025        9869047     148448      0   69           01.01.0001
  6045             40   70219753      6   82           01.01.0001
  6157            880  660000092      0   91           01.01.0001
