
TRANSITO CTACORR.BASEFICA DESENVOLVIMENTO        10/11/2014        09:16:25        - 1 -

    AG            CTA   CPF/CNPJ FILIAL CTRL TP PESSOA HATULZ
------ -------------- ---------- ------ ---- --------- ----------
     2            806   30321358      0   26 1         14.04.2014
     2           3846  282850148      0   51 1         16.07.2014
     2           4714  371777668      0   12 1         09.10.2014
     2          34051  482393728      0   72           01.01.0001
     2          49252  509828938      0   68           01.01.0001
     2          87774   90202358      0   69 1         20.06.2014
     2          90511    1931158      0   32 1         06.08.2012
     2         113710  130911948      0   17 1         02.10.2013
     2         115831  314373248      0   27 1         17.01.2014
     2         128901  366720408      0   62 1         14.08.2013
     2         130515  110648488      0   69           01.01.0001
     2         131801  349625368      0   18 1         17.01.2014
     2         132017  383607238      0   69 1         06.06.2014
     2         132176  405599258      0    8 1         28.08.2014
     2         132337   18795448      0   81 1         05.08.2013
     2         151607    5964031      0   60 1         31.03.2014
     2         152287  259836028      0   10 1         14.03.2014
     2         153188  330032218      0   92 1         21.09.2009
     2         153451  222335618      0   48 1         14.07.2014
     2         156571  158155818      0    1 1         29.01.2014
     2         156787  170393458      0    3 1         30.01.2013
     2         156929  353090858      0   40 1         02.12.2011
     2         157440  322187459      0   68 1         08.07.2014
     2         158354  323651418      0   38 1         03.05.2013
     2         158583  376889698      0   67 1         24.03.2014
     2         162803   93256029      0   62 1         17.07.2014
     2         200500  272343578      0   40           01.01.0001
     2         201193  362319558      0   85 1         05.01.2012
     2         201395   92367978      0   22 1         20.07.2012
     2         201899  423663698      0    8 1         08.08.2013
     2         515452  345876568      0   95 1         19.09.2014
     2         517168  354791718      0   28 1         19.04.2012
     2         545069  347700058      0   73 1         07.08.2012
     2         550016  369742398      0   31 1         04.01.2011
     2         560088  342872008      0   37 1         18.07.2014
     2         585882   45800898      0   20 1         05.11.2014
     2         701120  403607088      0   62 1         11.06.2014
     3           1185  303237588      0   60 1         28.08.2014
     3           1352  431757498      0   52 1         22.09.2014
     3           1631    8053403      1    0 2         17.02.2014
     3           2033  452853888      0   13 1         14.07.2014
     3           3922  109117328      0   10 1         21.10.2014
     3          30213   43950633      1   73 2         14.02.2014
     3          32526  549232558      0   20 1         22.10.2014
     3         132779   28506608      0    9 1         27.08.2013
     3         132998  281510148      0   30 1         03.10.2014
     3         139606  285678618      0   96 1         02.09.2013
     3         166759   78049608      0   67 1         08.07.2013
     3         170163  186431081      0   20 1         26.06.2013
     3         171653  224632338      0    0 1         23.09.2013
     3         173495  150842968      0   57 1         29.04.2013
     3         173638  341236198      0   43 1         25.07.2014
     3         177360   22781504      0   13           01.01.0001
     3         179297  348892788      0   18 1         29.08.2014

TRANSITO CTACORR.BASEFICA DESENVOLVIMENTO        10/11/2014        09:16:25        - 2 -

    AG            CTA   CPF/CNPJ FILIAL CTRL TP PESSOA HATULZ
------ -------------- ---------- ------ ---- --------- ----------
     3         179982  222954208      0   73 1         16.08.2013
     3         180224  387118688      0    5 1         14.07.2014
     3         190663  294644288      0   80           01.01.0001
     3         191410   36468648      0    0 1         04.07.2014
     3         194018   38326508      0   81 1         14.05.2012
     3         195031  364395478      0   60           01.01.0001
     3         197503  302299588      0   18           01.01.0001
     3         199088  378414238      0   96 1         06.08.2014
     3         199156  178722258      0   67 1         31.10.2014
     3         199346  406587298      0   70 1         21.02.2011
     3         199628  414337258      0   43 1         27.10.2014
     3         200115  109079438      0    2 1         13.08.2013
     3         204933  396982318      0   89 1         11.11.2013
     3         205324  371751328      0   16           01.01.0001
     3         206016  380848358      0    7 1         11.04.2014
     3         207863   27881065      0   99 1         17.10.2014
     3         208800    2851029      1    2 2         20.08.2014
     3         212480  121715938      0    6 1         07.07.2014
     3         216123    6176788      0   39 1         26.03.2014
     3         500740  296119128      0   97 1         04.09.2014
     3         515045  254051388      0   35 1         05.11.2014
     3         857810  547609338      0   91 1         25.01.2013
     4            824   19050888      1    3 2         22.10.2014
     4           2597  428808068      0   10 1         08.09.2014
     4           2651  380924638      0   75 1         13.08.2014
     4           4727  416777648      0    5 1         04.09.2014
     4           5082  375542238      0   79 1         20.10.2014
     4          32571  136702048      0   49 1         03.11.2014
     4          33691  377798508      0   20 1         13.06.2014
     4          47759   78897058      0   59 1         13.03.2014
     4          49005   96289258      0    6           01.01.0001
     4          49165  638799649      0    4           01.01.0001
     4          54686  250569918      0   64 1         15.10.2014
     4          55950  158788978      0   14 1         24.07.2014
     4          59984  493859339      0   49 1         29.05.2013
     4          61042  256445608      0   13 1         16.04.2010
     4          64173  158843758      0   24 1         05.11.2014
     4          69867   37516758      0   76 1         08.07.2014
     4          72412  130849638      0   94           01.01.0001
     4          73430  314476778      0   62           01.01.0001
     4          73470  110817968      0   12 1         30.06.2014
     4          81814   42616069      0    9 1         19.04.2012
     4          88106   48621488      0   59 1         05.08.2013
     4         506283  304874468      0   10 1         11.02.2013
     4         600906  412751308      0    1 1         26.09.2014
     5            739    1994325      1    8 2         23.10.2014
     5           1017  293443238      0   60 1         06.11.2014
     5           1077  385384998      0   90 1         28.10.2014
     5           1094  437009808      0   41 1         10.10.2014
     5          35561  170378868      0    7 1         09.04.2014
     5          37871  130824638      0   27 1         22.09.2014
     5          41032  271320038      0   52 1         21.01.2013
     5          50381  113548758      0   85 1         06.08.2014
     5         511594  354930488      0   92 1         15.07.2014

TRANSITO CTACORR.BASEFICA DESENVOLVIMENTO        10/11/2014        09:16:25        - 3 -

    AG            CTA   CPF/CNPJ FILIAL CTRL TP PESSOA HATULZ
------ -------------- ---------- ------ ---- --------- ----------
     5         530025  130923238      0   58 1         23.05.2014
     5         540611  175748588      0    2           01.01.0001
     5         541161  291721978      0   54 1         23.05.2013
     5         541176  195442048      0    6 1         18.08.2014
     6          20586  293614368      0   30           01.01.0001
     6          21151  269590668      0   40 1         30.09.2014
     7            337  427994958      0   18 1         04.10.2013
     7            496   67416418      0    7 1         24.10.2013
     7            652  258406518      0   50 1         29.11.2013
     7            819  432977508      0   55 1         04.07.2014
     7           1174  191410298      0   36 1         20.03.2014
     7           1193   55530445      0    2 1         11.06.2014
     7           1984   20931958      1    3 2         30.09.2014
     7           2012  303299828      0    0 1         03.11.2014
     7           2062   52128575      0   54 1         23.10.2014
     7          55073  180953338      0   40 1         06.06.2012
     7          58236   68018948      0   38 1         04.08.2014
     7          60744   87645108      0   32 1         12.09.2014
     7          62736  286857638      0   94           01.01.0001
     7          65971  273023508      0   68 1         18.03.2014
     7          70622   46857758      0    5 1         03.09.2014
     7          72515   50738568      0   30           01.01.0001
     7          72706   15230838      0   59           01.01.0001
     7          72826   54913528      0   61           01.01.0001
     7          72989  294538468      0    5 1         12.08.2014
     7          73612  129573078      0   20           01.01.0001
     7          74652  111066998      0   40 1         10.03.2014
     7          74839  308207488      0    3           01.01.0001
     7          75397  174080218      0   76           01.01.0001
     7          75444  364037078      0   33 1         25.11.2013
     7          83774  257456308      0   50           01.01.0001
     7          84272  315291958      0   10 1         19.02.2014
     7          84692   64442924      0    9 1         16.08.2011
     7          87478  232403768      0   81 1         18.02.2014
     7          88908  136590298      0   66 1         05.03.2013
     7          89023  309201518      0   50 1         05.11.2014
     7          89575  365924178      0   46 1         26.06.2013
     7         511718  362318048      0   36 1         26.12.2013
     7         631227  186962718      0    7 1         19.05.2014
     7         631264  423331338      0   21 1         13.02.2014
     7         631414  331227188      0   63 1         30.04.2014
     8            123  290358278      0   56 1         09.09.2013
     8            236  304298948      0   80 1         05.11.2014
     8            699   32636938      0   40 1         05.11.2014
     8            817  327743658      0   64 1         16.09.2014
     8            898  417554118      0   71 1         23.10.2014
     8            905  455683798      0   74 1         28.10.2014
     8          10069  709434278      0    0 1         05.06.2014
     8          11638  799247198      0   91 1         15.09.2014
     8          30058  151941918      0    4           01.01.0001
     8          31246  145714218      0    0 1         27.10.2014
     8          32405   96175478      0   80 1         08.04.2011
     8          35227  120052818      0   24 1         23.06.2014
     8          37542  161785328      0   30           01.01.0001

TRANSITO CTACORR.BASEFICA DESENVOLVIMENTO        10/11/2014        09:16:25        - 4 -

    AG            CTA   CPF/CNPJ FILIAL CTRL TP PESSOA HATULZ
------ -------------- ---------- ------ ---- --------- ----------
     8          39085  423739048      0   96 1         03.11.2014
     8          39425  726405538      0   87           01.01.0001
     8          39955  110671278      0   10 1         17.06.2013
     8          40627   15494128      0    9 1         13.04.2011
     8         500319  358799228      0   20 1         25.05.2012
     8         510173   82185698      0   71 1         07.08.2013
     8         510618   48189938      0   32 1         30.04.2014
     9            150  454718768      0   14 1         09.10.2014
     9           1085  276699438      0   66 1         29.08.2014
     9           1161  204568768      0   63 1         06.08.2014
     9           1275  130842058      0   76 1         21.08.2014
     9          25924   69847558      0   59 1         02.07.2014
     9          59910  439658188      0   21 1         11.11.2011
     9         512216   97418598      0   13           01.01.0001
    10            148  230183018      0   70 1         25.07.2013
    10            547  709602918      0   49 1         01.11.2013
    10            554  707565628      0   72 1         11.12.2013
    10            682   23764968      0   37 1         10.12.2013
    10            807  357117104      0   78 1         03.01.2014
    10            866  432905128      0   19 1         15.01.2014
    10           1624  709749508      0   15 1         03.06.2014
    10           2071  402689668      0   42 1         23.10.2014
    10           2081  360364948      0   66 1         27.10.2014
    10          25018  961247178      0   91 1         27.03.2013
    10          36396  793380208      0   78 1         23.06.2014
    10          43335  113823608      0    0 1         28.03.2014
    10          57498  217266638      0   68 1         06.01.2014
    10          61272   59304858      0    1 1         29.10.2014
    10          70442  797967708      0    6 1         15.10.2012
    10          73119  827232068      0   15           01.01.0001
    10          76721  228015448      0    9 1         17.05.2012
    10          76892    9627337      2   89           01.01.0001
    10          77847   36591748      0   66 1         06.12.2012
    10          78115  390632468      0    3 1         26.02.2014
    10         500143   66168028      0   25 1         11.11.2013
    10         502716  222292908      0   35 1         26.04.2013
    10         504599  110826868      0   40 1         13.06.2014
    10         510446  204465318      0   47 1         20.12.2013
    10         542176   52966218      0   32 1         19.03.2014
    10         757000  256942888      0   40           01.01.0001
    11          14457   47427430      1   58 2         31.01.2014
    11          17593   15356548      0   99 1         31.07.2014
    11          20252  180905008      0   11 1         10.05.2013
    11          21127  312614588      0   42 1         05.05.2014
    11          21225  130902078      0   77 1         04.11.2014
    11         854581   15242818      0   67 1         03.11.2014
    12           1153  452076688      0   54 1         27.06.2014
    12           2008   88686128      0   44 1         06.11.2014
    12          52163  220381018      0   17 1         15.10.2012
    12          62501  256790698      0   30 1         21.03.2014
    12          66140  367280868      0   70 1         29.08.2014
    12          66162    9430638      0   92 1         06.06.2014
    12          69660  397794246      0   87 1         25.08.2014
    12          70313   61704998      0    0 1         25.06.2014

TRANSITO CTACORR.BASEFICA DESENVOLVIMENTO        10/11/2014        09:16:25        - 5 -

    AG            CTA   CPF/CNPJ FILIAL CTRL TP PESSOA HATULZ
------ -------------- ---------- ------ ---- --------- ----------
    12          75638  436930788      0    7 1         28.10.2014
    12         300484  224106888      0   88 1         14.12.2012
    12         600009   67237098      0    2           01.01.0001
    12         607417    2506675      0   76 1         26.08.2013
    12         704721  350214288      0   29 1         25.07.2014
    13           5098  361103109      0   72 1         21.10.2014
    13           5148  315908978      0   97 1         04.11.2014
    13          20121   40367498      0    3 1         02.10.2014
    13         130716  120150098      0   25 1         03.06.2014
    13         134141   52953468      0   11 1         24.10.2014
    13         135418   67981458      0   25 1         20.02.2014
    13         137097   79018718      0   30 1         06.11.2012
    13         142803  136618978      0   70           01.01.0001
    13         144871  317365228      0   25 1         23.06.2014
    13         146607  924498088      0   68           01.01.0001
    13         154833  141323588      0   36 1         23.08.2013
    13         155074  335812698      0   64 1         23.01.2012
    13         157113  111416448      0   86 1         13.08.2014
    13         162524  323050548      0   40 1         30.06.2014
    13         163093   89794188      0   84 1         16.09.2011
    13         164562  322765208      0    9 1         24.10.2014
    13         164572   47140398      0   90           01.01.0001
    13         170221    8998786      1   90 2         31.10.2014
    13         170436  261938038      0   31           01.01.0001
    13         170975  383657708      0   90           01.01.0001
    13         185370   61653968      0   10 1         15.05.2012
    13         188262  355874688      0    1           01.01.0001
    13         188281  411920408      0   13           01.01.0001
    13         188562  849824389      0    0           01.01.0001
    13         189714  137252848      0   22 1         14.10.2014
    13         193034  337564358      0   65 1         24.01.2014
    13         195584  387021378      0   79 1         18.12.2013
    13         196925  515806915      0   87           01.01.0001
    13         198097  215777878      0    3           01.01.0001
    13         204800  408558318      0   20 1         04.06.2014
    13         206217  361139258      0   89 1         29.05.2014
    13         206583  332283908      0   70 1         05.11.2014
    13         400754  252010528      0   35 1         20.10.2014
    13         401094  262553888      0    8 1         03.04.2014
    13         401243  959389158      0   72 1         24.06.2013
    13         510862  152723818      0    7 1         13.04.2012
    13         511289  344290208      0   84 1         12.08.2011
    13         540305   40857602      0   20 1         14.06.2013
    13         651014   71579808      0   19           01.01.0001
    14            437  521530539      0    0 1         16.09.2013
    14           2056  861451335      0   62 1         29.04.2014
    14           2599  397154988      0   84 1         27.05.2014
    14           2749  218510158      0   76 1         02.06.2014
    14           2935  440833708      0    7 1         07.10.2014
    14           3358   20629297      1   66 2         07.11.2014
    14           4257    4202781      0    9 1         31.10.2014
    14          67583   95418218      0   98           01.01.0001
    14          68415  170373128      0    0 1         15.08.2014
    14          68669  802931668      0   20 1         06.11.2014

TRANSITO CTACORR.BASEFICA DESENVOLVIMENTO        10/11/2014        09:16:25        - 6 -

    AG            CTA   CPF/CNPJ FILIAL CTRL TP PESSOA HATULZ
------ -------------- ---------- ------ ---- --------- ----------
    14          74519  282949098      0   31 1         27.10.2014
    14          75682  253796298      0   22 1         01.08.2014
    14          76636   95568468      0   40 1         13.05.2013
    14          80405  248652528      0   94           01.01.0001
    14          80829   58716558      0   82 1         28.03.2013
    14          82546  338069228      0    2           01.01.0001
    14          84541  221982198      0   67 1         29.10.2014
    14          85057    3778449      1   73 2         19.11.2012
    14          89711  253036918      0   61 1         08.01.2014
    14         103591  117248558      0   59 1         09.06.2014
    14         113508  227832648      0   11 1         13.08.2014
    14         115031  230777158      0   13           01.01.0001
    14         116962  310281118      0   35 1         28.10.2014
    14         118389  444695748      0   13 1         06.11.2014
    14         127877  441854268      0    1 1         25.06.2014
    14         130179  367123078      0   99 1         09.12.2013
    14         530075  803342108      0   87 1         24.07.2014
    14         530373  752938545      0   34 1         27.10.2014
    14         531066  489026409      0   49 1         04.08.2014
    14         531157  217843138      0    7 1         28.10.2014
    14         531843  334925978      0   23 1         01.08.2014
    14         534439  103298528      0   33 1         13.08.2014
    14         534544  401355228      0    3 1         13.08.2014
    14         534727   61695838      0   27 1         11.07.2013
    14         535225  706024928      0   15 1         06.02.2012
    14         601469   53377449      0   76 1         29.04.2014
    14         601519  439855738      0   59 1         27.05.2014
    14         601530   23526688      0   40 1         25.06.2014
    14         601554  203173778      0   33 1         14.10.2014
    14         601565  191543168      0   98 1         18.06.2014
    14         710725  315440078      0   84 1         10.10.2013
    14         710788  557356228      0   20 1         01.08.2014
    14         710798  189256138      0   75 1         24.07.2014
    14         730044  349289978      0   16 1         28.10.2014
    15          18680  273141498      0   79 1         04.09.2014
    15          19536  412214408      0   61 1         30.10.2014
    15          20718  269291118      0    5 1         13.06.2013
    15          21669  367986898      0   76 1         24.09.2014
    15         521893  383860718      0    0 1         18.05.2010
    15         522052  336548338      0   10 1         30.07.2012
    15         530593  305957698      0    2 1         23.09.2013
    15         531016  191551168      0   25 1         02.09.2013
    15         600125  368273918      0   17 1         27.10.2014
    15         856896   75118388      0   12 1         04.11.2014
    16           1603  103885698      0   16 1         26.09.2014
    16           1637  825294428      0    0 1         14.10.2014
    16          21632  158788188      0   84           01.01.0001
    16          22628  477417406      0   87 1         20.06.2014
    16          27224  825302468      0   15 1         24.02.2012
    16          29025  280648968      0   78 1         25.08.2014
    16          29333   11055426      1   69 2         01.08.2014
    16          29896  319154808      0   41 1         16.06.2014
    16          30084  792795898      0   49           01.01.0001
    16          30095  307868058      0   46           01.01.0001

TRANSITO CTACORR.BASEFICA DESENVOLVIMENTO        10/11/2014        09:16:25        - 7 -

    AG            CTA   CPF/CNPJ FILIAL CTRL TP PESSOA HATULZ
------ -------------- ---------- ------ ---- --------- ----------
    16          31252  116937838      0   27 1         01.04.2013
    16          32329  306741838      0   78 1         05.11.2014
    16          35967    5566696      1   31 2         02.07.2014
    16         510310  319299868      0   74 1         20.10.2014
    17             89  146255478      0   49 1         20.06.2014
    17            164  455833878      0   31 1         31.03.2014
    17            179  445960748      0   44 1         25.08.2014
    17            192   25923198      0   32 1         21.05.2014
    17            194  125101604      0   94 1         21.05.2014
    17            292  452383548      0   94 1         25.08.2014
    17            301  130733108      0   43 1         01.08.2014
    17            304  440914308      0   56 1         21.08.2014
    17            306  411633018      0   33 1         01.08.2014
    17         510066  316733488      0   66 1         01.08.2014
    17         511043   37081248      0   47 1         24.09.2014
    17         511767  357619278      0   61 1         20.05.2013
    17         581720  433922848      0   66 1         04.06.2014
    18          25023  366080868      0   73 1         07.08.2014
    18         540206  296392858      0    3 1         22.10.2014
    18         580499  349291488      0   80 1         20.03.2013
    18         710016    1399091      1   42 2         27.11.2013
    19            106  164598878      0   37 1         10.02.2014
    19          27792  608801398      0   20 1         06.11.2014
    19          30231   17627798      0   62 1         29.07.2014
    19          34399  104659818      0    1           01.01.0001
    19          34719  136847318      0    3 1         01.10.2014
    19         510133  261616048      0    9 1         03.04.2014
    19         600526  270335538      0   62 1         03.11.2014
    19         857060   29248048      0   25 1         03.11.2014
    19         858326  164595698      0   94 1         20.10.2014
    20             98  165468398      0   14 1         08.11.2013
    20            365  136916318      0   51 1         14.07.2014
    20          30062   78480948      0   80 1         06.08.2014
    20          31571  298379568      0   36 1         11.06.2014
    20          33575  213904358      0   81 1         22.02.2012
    20         510497   33437348      0   45 1         15.02.2012
    21            724   17576328      0   32 1         01.07.2014
    21           1142   17574118      0   28 1         09.10.2014
    21           1152  117240248      0   50 1         14.10.2014
    21          16461  315601488      0   53 1         22.03.2013
    21          29881  117236748      0   50 1         10.09.2014
    21          33112  969441708      0   25 1         01.09.2014
    21          33437  266520688      0   93 1         31.07.2014
    21          36169   69543978      0   22 1         05.11.2014
    21          43860  408592308      0    5 1         09.01.2014
    21          44049  512300388      0   68 1         25.03.2013
    21          44353  344159838      0   55 1         06.08.2013
    21          44415   34528698      0   73 1         30.09.2014
    21         532393  117232788      0   23 1         06.08.2013
    21         790427  121118258      0   40 1         28.08.2014
    22           1505  386409278      0   71 1         15.09.2014
    22           1562  276557268      0   25 1         30.09.2014
    22           1892   57711768      0   85 1         05.11.2014
    22          45794  410922366      0    0 1         09.02.2012

TRANSITO CTACORR.BASEFICA DESENVOLVIMENTO        10/11/2014        09:16:25        - 8 -

    AG            CTA   CPF/CNPJ FILIAL CTRL TP PESSOA HATULZ
------ -------------- ---------- ------ ---- --------- ----------
    22          46785   29367488      0   44 1         14.06.2012
    22          54672  267557178      0   43 1         11.09.2014
    22          55654  289646798      0    6 1         08.05.2014
    22          55876  304299938      0   62 1         06.09.2013
    22          56301  323589518      0   38 1         03.02.2014
    22          63387   51269808      0   23 1         17.01.2014
    22          65651    2372839      1   86 2         04.07.2014
    22          66564   31036698      0   44 1         05.06.2014
    22          67893  330415578      0   35 1         14.05.2014
    22          68473  366541348      0   69 1         25.04.2014
    22          70194  310870638      0   17 1         23.10.2013
    22         595138  136946278      0   63 1         13.10.2014
    22         641173  371262428      0    8 1         12.03.2014
    22         643887   57712148      0    9 1         07.11.2014
    22         645716  270848198      0   35 1         16.09.2014
    22         646345  837509755      0   15 1         17.10.2014
    23              1          0      0    0           01.01.0001
    23          40145  736422748      0   20           01.01.0001
    23          99327  151991388      0   55 1         09.03.2010
    23         111453  181490218      0    9           01.01.0001
    23         112061  169772108      0   77           01.01.0001
    23         123173  121644668      0   70 1         05.11.2014
    23         125095  215235048      0    3           01.01.0001
    23         130757  133465158      0   26 1         05.03.2014
    23         134320  121658578      0   48           01.01.0001
    23         145718  263870278      0   10           01.01.0001
    23         147316  276292818      0   46 1         11.07.2012
    23         149257  218393838      0   28 1         30.01.2014
    23         150129  336871708      0   10 1         17.04.2014
    23         156940  369802738      0    9 1         24.10.2013
    23         157782  299093428      0   63 1         05.11.2014
    23         180402  785560158      0   91 1         23.09.2013
    23         181204  309780618      0    2 1         02.01.2013
    23         184393  393791388      0   22 1         02.12.2013
    23         184921     938028      0    3 1         29.09.2014
    23         192721  150416078      0   93 1         02.07.2013
    23         193158    4710323      0    1 1         02.01.2014
    23         194279  311777508      0    5 1         11.06.2014
    23         194280  333371828      0   60 1         14.05.2014
    23         195225  128243818      0   25 1         30.06.2014
    23         196402  364106878      0   93 1         25.04.2014
    23         199134  357996068      0   76 1         03.09.2014
    23         200994   70724608      0   37 1         26.08.2013
    23         201099   60171508      0    4 1         28.04.2014
    23         201150   83463721      0   91 1         06.09.2013
    23         201923  321455248      0   19 1         05.11.2012
    23         204405    1562725      5   60 2         26.09.2014
    23         204512  432248458      0   13 1         02.07.2014
    23         205578  383866228      0   81 1         25.09.2014
    23         206000  785205508      0   78 1         23.07.2014
    23         206146  213906988      0   90 1         07.11.2013
    23         207939  421156728      0   44 1         23.06.2014
    23         252012  422561688      0   67 1         25.02.2014
    23         252022   13881794      1   91 2         29.09.2014

TRANSITO CTACORR.BASEFICA DESENVOLVIMENTO        10/11/2014        09:16:25        - 9 -

    AG            CTA   CPF/CNPJ FILIAL CTRL TP PESSOA HATULZ
------ -------------- ---------- ------ ---- --------- ----------
    23         255329  454838838      0   96 1         20.08.2014
    23         255571    2536238      0    4 1         02.10.2014
    23         255813  152463828      0   50 1         20.10.2014
    24            180   32992124      0    0 1         16.09.2014
    24            346  359907938      0   20 1         06.03.2014
    24            366  425830538      0   33 1         08.04.2014
    24            681   78981554      0    8 1         20.10.2014
    24            723  466650848      0   17 1         24.09.2014
    24            736  958669308      0   20 1         04.09.2014
    24            855  328284478      0   63 1         06.10.2014
    24           6000  119871398      0   44 1         07.11.2014
    24           6028  315226118      0   78 1         29.08.2014
    24           6035  412038218      0   40 1         26.06.2014
    24           6044   23672918      0   70 1         16.07.2014
    24          23651   47968338      0   70           01.01.0001
    24          25013  341610858      0   26 1         23.09.2014
    24          25538  827160648      0   49 1         22.04.2014
    24          25831   43581908      0   98 1         03.02.2014
    24          25833  958709118      0   34 1         19.05.2014
    24          26520  213192678      0   23           01.01.0001
    24          29076  356191838      0   74           01.01.0001
    24          29811  391106328      0   83 1         11.08.2014
    24          30061  384393318      0   94 1         25.04.2014
    24          33470   95643678      0   16 1         29.05.2014
    24          34333  119817698      0   97           01.01.0001
    24          35089  274178028      0   50 1         16.10.2013
    24          42222  738239022      0   53 1         29.10.2014
    24          45551   79719804      0    0 1         04.07.2013
    24          46001  395921958      0    3 1         11.06.2012
    24          47623  354528258      0   94 1         28.02.2014
    24          47817   78642888      0    4 1         22.05.2013
    24          50537  110442426      0   63 1         27.05.2014
    24          50653  400783448      0   24 1         09.06.2014
    24          51315  102759076      0   43           01.01.0001
    24          53012   53094294      0   17 1         07.05.2014
    24          54131  251192078      0   63 1         16.01.2014
    24          54653  102589686      0   64 1         22.05.2013
    24          54672   78548758      0   12 1         03.06.2013
    24          54705  349186148      0   92 1         04.06.2014
    24          56583  390274768      0   45 1         12.09.2014
    24          56886  227463608      0   70 1         05.08.2013
    24          57242  109544054      0   39 1         09.10.2014
    24          57567  109563944      0   77 1         30.08.2012
    24          58561   50278988      0   35 1         20.06.2014
    24          58801   55187628      0    1 1         06.06.2013
    24         500669  259256598      0   13 1         08.08.2014
    24         600944  362846358      0    0 1         29.02.2012
    24         609131   91290834      0   35 1         23.07.2013
    24         851597  245878208      0   65 1         03.11.2014
    25            129  246763478      0   71 1         09.09.2013
    25            544   48409618      0   40 1         28.11.2013
    25            589  367622018      0   81 1         23.12.2013
    25           1310  260187808      0   87 1         05.11.2014
    25           1338   25796228      0    2 1         30.04.2014

TRANSITO CTACORR.BASEFICA DESENVOLVIMENTO        10/11/2014        09:16:25        - 10 -

    AG            CTA   CPF/CNPJ FILIAL CTRL TP PESSOA HATULZ
------ -------------- ---------- ------ ---- --------- ----------
    25           1671   65632588      0   75 1         25.06.2014
    25           2206    6942936      2    7           01.01.0001
    25          23448  503960308      0   82 1         30.06.2014
    25          53105   80734688      0   83 1         04.07.2013
    25          55509   23338098      0   17 1         11.06.2014
    25          57990  159242028      0   10 1         16.07.2014
    25          60628   58323788      0   65 1         19.04.2012
    25          61166  109385118      0    7 1         09.05.2014
    25          69009  367302068      0   45 1         20.05.2013
    25          71147  342209048      0   75           01.01.0001
    25          73647   80853188      0   30 1         01.06.2012
    25          75802  298872008      0   83           01.01.0001
    25          76063  177917028      0   94 1         26.10.2011
    25          76997  410023628      0    6 1         21.05.2014
    25          77791  219803038      0   19 1         29.05.2012
    25          79473   14878973      2   13 2         02.07.2013
    25          80543  217537788      0   16 1         17.10.2013
    25          80801  253414428      0   65 1         21.10.2014
    25          80991   16942498      1   41 2         21.07.2014
    25          81417   63845968      0    6 1         12.08.2014
    25          81662  376956418      0   98 1         20.12.2013
    25          86423   43347354      0   10 1         05.12.2013
    25         560408  121715368      0   37 1         23.06.2014
    25         600207   64590548      0   86 1         09.06.2014
    25         603017  326200378      0   67           01.01.0001
    25         603582  401766308      0   72           01.01.0001
    25         865858  159249858      0   22 1         05.11.2014
    26            355  141562437      0   29 1         02.12.2013
    26            825  125956417      0   78 1         21.01.2014
    26            884  140897877      0   69 1         25.11.2013
    26            998  137080777      0   50 1         18.03.2014
    26           1854  121268547      0   44 1         28.02.2014
    26           2918  112978257      0   30 1         30.04.2014
    26           3321  126200447      0    7 1         03.07.2014
    26           4228  157303157      0   75 1         05.08.2014
    26           4287  115552217      0   69 1         11.08.2014
    26           4848  105194277      0   26 1         15.09.2014
    26           5490  101590507      0   23 1         03.10.2014
    26           5821   20593021      1   75 2         25.09.2014
    26           5913   32122727      0   16 1         26.09.2014
    26           6171  933518527      0   20 1         29.10.2014
    26           6174   62358737      0   86 1         06.11.2014
    26           6203  137324077      0   64 1         10.10.2014
    26           6359  132164217      0   24 1         21.10.2014
    26           6514  107980037      0   90 1         03.11.2014
    26          35289  667628207      0    0 1         17.02.2014
    26         144965  359818907      0   97 1         02.12.2008
    26         172198  341163977      0   68           01.01.0001
    26         173882  129382037      0   72 1         12.06.2014
    26         177205  376190127      0   53 1         12.06.2007
    26         184354   19522467      0   17           01.01.0001
    26         200226  192768427      0   72           01.01.0001
    26         200355  159876047      0   53           01.01.0001
    26         207732    5720937      0   56           01.01.0001

TRANSITO CTACORR.BASEFICA DESENVOLVIMENTO        10/11/2014        09:16:25        - 11 -

    AG            CTA   CPF/CNPJ FILIAL CTRL TP PESSOA HATULZ
------ -------------- ---------- ------ ---- --------- ----------
    26         235701   44622467      0   72           01.01.0001
    26         242450  362224457      0   72 1         06.11.2014
    26         244802  870519317      0   68 1         21.08.2014
    26         278955  522647777      0   53 1         28.07.2014
    26         279136  183019917      0    4 1         08.08.2007
    26         279202  799792467      0   15 1         11.10.2012
    26         282689   29138647      0   40 1         29.01.2014
    26         282816   25523227      0   60           01.01.0001
    26         290321  442793297      0   53           01.01.0001
    26         299686   10059757      0   28 1         09.06.2014
    26         308976      72277      0   44           01.01.0001
    26         309781  749149367      0    4           01.01.0001
    26         311104  344880147      0    4 1         22.10.2014
    26         326956  798983007      0   87           01.01.0001
    26         335319    7260107      0   82 1         03.11.2014
    26         367258  589255037      0    0           01.01.0001
    26         368314   69547307      0   77 1         03.09.2014
    26         369922   85079357      0   29           01.01.0001
    26         373470   26167827      0   23 1         09.01.2014
    26         373677  313625917      0   34           01.01.0001
    26         373965  506026247      0   20           01.01.0001
    26         378269   73906117      0   82 1         19.01.2001
    26         387065  635035141      0    4           01.01.0001
    26         387111   76061587      0    3 1         03.02.2014
    26         390531   86219297      0   83 1         12.09.2011
    26         391262   57344057      0   36 1         24.10.2014
    26         392400    5482335      1    7 2         28.01.2014
    26         394646   89130077      0   54 1         12.09.2011
    26         397078  271668768      0   40 1         07.08.2014
    26         399656   12448697      0   59 1         16.09.2013
    26         401026  608557037      0   68           01.01.0001
    26         401035   32781727      0   52 1         21.07.2014
    26         404667     686277      0   26 1         26.09.2013
    26         405219    7959749      1    0 2         07.05.2014
    26         406994   98780917      0   24           01.01.0001
    26         407958  649574207      0    0           01.01.0001
    26         408979  428589847      0    0 1         19.12.2013
    26         412942  131639087      0    5           01.01.0001
    26         413290   21360487      0   67 1         26.02.2014
    26         413483    5925587      0    3 1         26.02.2013
    26         414140  105004007      0   41 1         12.09.2011
    26         418051   77367257      0   56           01.01.0001
    26         418105  376048997      0   49           01.01.0001
    26         427160  108589777      0    2 1         07.06.2013
    26         428340  112342777      0   19 1         14.03.2014
    26         429862   11654790      1   45 2         03.12.2013
    26         429894   88005287      0   24 1         04.06.2011
    26         430565  106505947      0   70 1         05.08.2010
    26         431836  121881547      0   70 1         01.11.2012
    26         431855   11335185      0   24 1         01.11.2011
    26         432764   28515037      0   58           01.01.0001
    26         434498  145119107      0   31 1         12.09.2013
    26         439242  137305787      0   40 1         07.10.2013
    26         440313   99791924      0   88 1         22.02.2013

TRANSITO CTACORR.BASEFICA DESENVOLVIMENTO        10/11/2014        09:16:25        - 12 -

    AG            CTA   CPF/CNPJ FILIAL CTRL TP PESSOA HATULZ
------ -------------- ---------- ------ ---- --------- ----------
    26         440691   68422906      0   43 1         09.04.2013
    26         442544   99955477      0   83 1         28.11.2013
    26         442549   59172117      0   10 1         29.09.2014
    26         442650   19941851      1   67 2         15.10.2014
    26         445200   16367653      2   24 2         06.08.2014
    26         512416  904954627      0   72 1         10.10.2011
    26         512760  820997667      0   20 1         29.12.2011
    26         514599  630832217      0   20 1         29.09.2014
    26         515191  101488867      0    1 1         05.11.2013
    26         515369   98678797      0   32 1         12.06.2013
    26         515673  125586527      0    2           01.01.0001
    26         517054  116653167      0   80 1         15.05.2014
    26         520319  182090097      0   53 1         18.10.2012
    26         520646  183959027      0    0 1         07.03.2014
    26         522116  140405707      0   23           01.01.0001
    26         554820  129326147      0   54 1         20.03.2014
    26         559151   57146667      0   20 1         03.02.2012
    26         675218  401983917      0   49           01.01.0001
    26         678916  118115737      0   46 1         02.05.2014
    26         679158   80452137      0   95           01.01.0001
    26         701060  586755587      0   91 1         01.07.2008
    26         728805  127559397      0   61 1         12.08.2014
    26         821504  552245807      0    6 1         21.03.2014
    27           1975   56505879      0   73 1         05.09.2014
    27          28627  539136559      0   72           01.01.0001
    27          40625  105275169      0   53           01.01.0001
    27          48649  494335129      0   87 1         24.02.2014
    27          49675   41157739      0   52 1         26.09.2013
    27          52799   44642839      0   69 1         23.10.2014
    27          53557   17994339      0   19 1         15.07.2014
    27          56112  209424514      0   49 1         20.05.2014
    27          71077  106900479      0    8 1         01.08.2014
    27          92060  659054159      0    0 1         23.04.2013
    27         502583  982309309      0   10 1         08.11.2012
    28          10739  704934488      0   53 1         08.10.2014
    28          21056  669429429      0   87 1         16.01.2014
    28         520599  215063168      0   75 1         05.11.2014
    29          10720  823222958      0   68 1         15.07.2013
    29          17284   67242848      0   21 1         16.02.2011
    29         530193   40559548      0   40 1         16.01.2014
    29         530428  291820128      0   65 1         04.03.2013
    30         600081  960808928      0    4           01.01.0001
    31           1886  184744008      0   80 1         27.08.2014
    31           4817  248486408      0   65 1         15.09.2014
    31          16266  186242848      0   48 1         20.08.2014
    31          50113   22916818      0   34 1         14.04.2014
    31          54516   23184268      0   64 1         08.07.2013
    31          69429   32940358      0   37 1         09.09.2013
    31          82880   62025804      1    0 2         23.07.2014
    31          92716  754302828      0    4           01.01.0001
    31          93737  827185808      0   44           01.01.0001
    31         100205  262058458      0   22 1         26.06.2014
    31         102222   69232608      0   17           01.01.0001
    31         107442    2181191      1   60 2         06.05.2013

TRANSITO CTACORR.BASEFICA DESENVOLVIMENTO        10/11/2014        09:16:25        - 13 -

    AG            CTA   CPF/CNPJ FILIAL CTRL TP PESSOA HATULZ
------ -------------- ---------- ------ ---- --------- ----------
    31         115551  896542008      0   30 1         03.11.2014
    31         119224  311371188      0   65 1         16.01.2014
    31         120317   66229668      0    0 1         26.08.2013
    31         121010  265440498      0   67 1         13.06.2012
    31         123762  112592938      0   31 1         20.09.2013
    31         126077  400295378      0   51 1         05.11.2014
    31         127177   28508147      0    9 1         17.07.2014
    31         127619  987121528      0   20           01.01.0001
    31         130771   59483024      1   91 2         29.04.2014
    31         132580  135151858      0   52           01.01.0001
    31         139529  240655015      0    4 1         14.08.2012
    31         140552  136191168      0   90           01.01.0001
    31         140889  337152278      0   42           01.01.0001
    31         149215     865255      2    6           01.01.0001
    31         150777  282632238      0   90 1         16.07.2013
    31         153033  146677138      0    1 1         04.10.2013
    31         160044  377853298      0   77           01.01.0001
    31         180173   26490293      0   90           01.01.0001
    31         197000  230905858      0    4 1         17.09.2014
    31         300077   14254559      1   52 2         15.08.2014
    31         300887  441042258      0   86 1         11.09.2014
    31         400210  235143188      0    8 1         25.08.2014
    31         854232  162883018      0   25 1         05.11.2014
    32          42217  864572509      0   63           01.01.0001
    32          46424    5466589      1   31 2         11.10.2013
    32          48873    3633851      0   69           01.01.0001
    32          53177  481625239      0   87 1         03.01.2014
    32         510048  244910801      0   78 1         05.11.2014
    32         521077  238490539      0   20 1         08.07.2011
    33            346  654122069      0   72 1         29.10.2014
    33          19573   41509858      0    4 1         04.11.2014
    33          21175   64612518      1   69           01.01.0001
    33          25425   31773468      0   79 1         11.06.2014
    33          26145  383111248      0   76 1         06.01.2014
    33          26983  135298448      0   29 1         07.02.2013
    33          27967  215025578      0   27 1         05.03.2014
    33         515050  253283548      0   69           01.01.0001
    33         522332    4934178      0   26 1         19.09.2014
    34            306  273372448      0   78 1         06.08.2014
    34          11651  778708758      0   72 1         31.05.2011
    34          16636   85903638      0   30 1         07.01.2014
    34          18551  222638938      0   57 1         30.09.2014
    35           7674  350003868      0   92 1         16.10.2014
    35           7759  306777368      0   35 1         17.09.2014
    35           8023  331931298      0   79 1         16.04.2012
    35           8217  236464119      0   53 1         18.08.2014
    35           8551   16571585      1   30 2         25.07.2014
    35         600620  338700588      0   11 1         22.07.2014
    36            107  206018679      0    4 1         27.10.2014
    36            109  847578178      0    0 1         18.05.2013
    36            188  334706648      0    3 1         09.10.2014
    36            366   65983401      0   44 1         22.10.2014
    36            481  416082018      0   21 1         03.12.2013
    36            502    5948009      2   23           01.01.0001

TRANSITO CTACORR.BASEFICA DESENVOLVIMENTO        10/11/2014        09:16:25        - 14 -

    AG            CTA   CPF/CNPJ FILIAL CTRL TP PESSOA HATULZ
------ -------------- ---------- ------ ---- --------- ----------
    36            534  425588278      0   98 1         25.11.2013
    36            547  222159628      0   52 1         16.10.2013
    36            749  339142748      0   59 1         24.09.2014
    36           1159   46356131      0   78 1         09.01.2014
    36           1457  360809118      0   17 1         27.08.2014
    36           1949   64646278      0   48 1         07.11.2014
    36           2045  343479608      0   83 1         09.06.2014
    36           2054  294478218      0   55 1         14.05.2014
    36           2710  378690528      0   25 1         01.09.2014
    36           2908   34126691      0   48 1         05.09.2014
    36           2910  404281528      0   64 1         08.09.2014
    36           2911  439290298      0   63 1         09.09.2014
    36          24263  724665458      0   53 1         27.05.2014
    36          46714  847235138      0   68           01.01.0001
    36          93208  121029538      0   58 1         25.09.2013
    36          96707  165236598      0   28           01.01.0001
    36          98184  847407368      0   53 1         25.02.2014
    36         100288    4957468      0    0 1         25.07.2014
    36         101794   80396568      0    0 1         06.09.2012
    36         103546   62032268      0   31 1         26.05.2014
    36         107710  284094868      0    6 1         25.09.2014
    36         109079   80331588      0    8 1         19.09.2012
    36         109174  228809898      0   84 1         15.05.2014
    36         113724  247743338      0   59 1         13.02.2012
    36         124205  334349768      0   17 1         22.10.2014
    36         124480  969296268      0   72 1         08.09.2014
    36         124682  353609978      0   50           01.01.0001
    36         125923  297410138      0    9 1         22.04.2014
    36         135263   97589378      0   55 1         05.11.2014
    36         137145  414933158      0   89 1         14.08.2014
    36         139819  319678208      0   56 1         16.04.2014
    36         143331  369257478      0   96 1         14.10.2014
    36         145138  843169509      0   91 1         08.01.2014
    36         145659    3768381      4   94           01.01.0001
    36         150088  395483968      0   74 1         21.10.2013
    36         150267  426944178      0    9 1         26.11.2012
    36         151391  317796258      0   80 1         16.09.2014
    36         151720  402968608      0   75 1         05.11.2013
    36         520591   48813349      3   30 2         20.06.2014
    36         522980  320987858      0   79           01.01.0001
    37          36149   97469488      0   65 1         11.08.2014
    37          37770  319322768      0   40 1         23.06.2014
    37          39123  170041118      0   73 1         09.06.2014
    37          41495  313997988      0   63 1         24.03.2014
    37         858312   69347434      0   31 1         28.03.2014
    37         858846  725827318      0   20 1         04.11.2014
    38            165  394141138      0   19 1         15.10.2013
    38           1208  402682758      0   58 1         04.07.2014
    38           1339  941842915      0   20 1         25.08.2014
    38           1760  444775088      0    8 1         10.10.2014
    38           1796  318025048      0   85 1         03.11.2014
    38           1810  191555378      0   47 1         22.10.2014
    38           1820   43851455      0   63 1         27.10.2014
    38           1826  440676258      0   20 1         28.10.2014

TRANSITO CTACORR.BASEFICA DESENVOLVIMENTO        10/11/2014        09:16:25        - 15 -

    AG            CTA   CPF/CNPJ FILIAL CTRL TP PESSOA HATULZ
------ -------------- ---------- ------ ---- --------- ----------
    38           1829  455884538      0   32 1         28.10.2014
    38           1837  438438858      0   69 1         28.10.2014
    38           1838  352080888      0   94 1         29.10.2014
    38           1840  318024648      0    8 1         29.10.2014
    38           1848   18562408      0   19 1         30.10.2014
    38           1867  442008618      0   10 1         30.10.2014
    38          19711  960130958      0   68 1         18.03.2014
    38          26620   83070208      0   32 1         14.05.2014
    38          28736  961487058      0   34 1         29.09.2014
    38          29606  129382148      0   98 1         25.08.2014
    38          31645  317642678      0    0 1         07.06.2013
    38          32059  171826048      0   25 1         08.05.2014
    38          34516  173947118      0    3           01.01.0001
    38          34944  252414448      0   82           01.01.0001
    38          40414  336256878      0   52 1         02.07.2013
    38          42316   23596388      0   74           01.01.0001
    38          45861   43306754      0   39 1         24.05.2011
    38          48353  107180578      0   99 1         29.05.2013
    38          49102  383682108      0   79 1         20.06.2012
    38          49230  407361578      0   59 1         10.12.2013
    38          50566  396330948      0   28 1         06.08.2012
    38          51435  383498578      0   38 1         03.01.2014
    38          51513   65198664      0   82 1         06.02.2013
    38          51711   37462653      0   71 1         05.04.2013
    38          51881  422979648      0    3 1         06.06.2013
    38          52188  111435674      0   39 1         07.05.2014
    39          24070    4755109      2   70 2         20.10.2014
    39          24660    8665318      1    1 2         24.09.2014
    39          26710  781128428      0   68           01.01.0001
    39          31836  134997838      0   86 1         27.08.2013
    39         542153  302817158      0   90 1         03.04.2014
    39         770107  926257705      0   20 1         18.06.2014
    39         770137   79179578      0    2 1         18.02.2014
    39         854964  779361328      0   72 1         03.11.2014
    40            469  403396688      0   90 1         17.10.2014
    40          23084   54425078      0   81 1         02.05.2012
    40          23309  164571568      0    0 1         20.04.2012
    40          23998  374922618      0    2 1         29.09.2014
    40          24820   97536787      2   23           01.01.0001
    40         540237  163096528      0   69 1         17.04.2014
    40         540442  402437468      0    6 1         29.07.2014
    40         540449  415068118      0    9 1         24.09.2013
    40         560929  126153238      0   49 1         07.10.2013
    40         857065  926498158      0   68 1         03.11.2014
    41           8967  145755728      0   29 1         10.10.2014
    41           9972  793323748      0   72 1         16.01.2014
    41          12023  303632738      0    8 1         04.11.2014
    41          13170  363928648      0    6 1         03.06.2013
    41         541500  217356318      0   17 1         10.09.2014
    42             28  359357808      0   52 1         05.11.2014
    42            320  454276678      0    6 1         27.10.2014
    42          21849   56531988      0   46 1         23.07.2014
    42          21883  369510668      0   92 1         03.06.2014
    42          21921  285274058      0   30 1         08.08.2012

TRANSITO CTACORR.BASEFICA DESENVOLVIMENTO        10/11/2014        09:16:25        - 16 -

    AG            CTA   CPF/CNPJ FILIAL CTRL TP PESSOA HATULZ
------ -------------- ---------- ------ ---- --------- ----------
    42         510310  325459748      0   62 1         16.05.2014
    42         540019  402408508      0   58 1         23.07.2013
    42         770057   40624558      0   46 1         04.11.2014
    43           6030  200720938      0   11 1         30.05.2014
    43          10906  708672598      0   68 1         30.05.2014
    43          20643  158288728      0   42 1         06.02.2014
    43          22218   85617168      0   94 1         02.10.2014
    43          30915  828073458      0   91 1         08.03.2013
    43          32417  418825238      0   30 1         09.03.2012
    43          50001  288822008      0   33 1         30.10.2012
    43         857950   43436028      0   77 1         04.11.2014
    44            529   45453776      0    2 1         04.07.2014
    44           1601  333402878      0    5 1         11.12.2013
    44           1744   27412755      0   56 1         22.04.2014
    44           5305  427571218      0   80 1         05.11.2014
    44          50830  246380828      0   40 1         17.07.2013
    44          58950  510959048      0   68           01.01.0001
    44          72815     204282      1   49 2         06.02.2014
    44          77700  282487558      0   51 1         17.07.2014
    44          80614  305016688      0   61           01.01.0001
    44          80873  793335678      0   87 1         28.03.2014
    44          88728  267671758      0   89 1         23.08.2011
    44         131523  200169398      0   24 1         18.01.2013
    44         132987   30995348      0    3 1         07.07.2014
    44         133003  338770058      0    2 1         23.04.2014
    44         135614   47528749      0   54 1         27.03.2013
    44         136289  404435028      0    3           01.01.0001
    44         143162  337986478      0   10 1         03.05.2012
    44         145195  431614748      0    5 1         23.12.2013
    44         147081  291721408      0   28 1         13.03.2013
    44         147847  266661148      0   50 1         20.08.2014
    44         147868   14445790      1   23 2         28.04.2014
    44         149081  438972618      0   80 1         05.09.2012
    44         151848  451502038      0   23 1         30.01.2014
    44         540323  340941068      0   63 1         23.09.2013
    44         541446  435309488      0   29 1         21.03.2014
    44         561166  421323878      0   42 1         05.03.2014
    44         561924  217930898      0   17 1         24.07.2014
    44         585441  429522098      0   12 1         07.03.2013
    44         600017  391067748      0   73           01.01.0001
    45            774  365293318      0   40 1         04.07.2014
    45           1338  259942738      0    5           01.01.0001
    45           1489  121312938      0   95 1         12.08.2013
    45           3854   39103378      0   64 1         04.04.2014
    45           6272  381217078      0   70 1         22.09.2014
    45           6283  159153388      0    1 1         06.10.2014
    45           6617  266214955      0   87 1         20.10.2014
    45           6689  392922398      0   80 1         17.10.2014
    45           6714  373841648      0    0 1         16.10.2014
    45          85165  622085008      0   49 1         28.08.2014
    45         109795  906948568      0    0           01.01.0001
    45         122822   61518569      1   38 2         16.09.2013
    45         126448  730766518      0   20 1         30.07.2014
    45         129434  268179628      0   89           01.01.0001

TRANSITO CTACORR.BASEFICA DESENVOLVIMENTO        10/11/2014        09:16:25        - 17 -

    AG            CTA   CPF/CNPJ FILIAL CTRL TP PESSOA HATULZ
------ -------------- ---------- ------ ---- --------- ----------
    45         137249  264363918      0   94           01.01.0001
    45         143360  289186078      0    6           01.01.0001
    45         146908  284907278      0   80 1         12.09.2011
    45         147683  885918678      0   15 1         20.12.2012
    45         148517   58230328      0   11 1         05.11.2014
    45         151314   25336388      0   89 1         23.05.2012
    45         151360  385962278      0   14 1         29.10.2014
    45         152246  733043608      0   91           01.01.0001
    45         156804  134035478      0    9           01.01.0001
    45         163047   62193238      0   82 1         25.07.2011
    45         163637  798539604      0   78           01.01.0001
    45         165641  284254418      0   89 1         19.05.2014
    45         178177   90661888      0   63 1         28.11.2013
    45         181530  403105188      0   30 1         04.01.2012
    45         181903  218980748      0   44 1         25.08.2014
    45         182171  420124928      0    0 1         04.12.2012
    45         182980  383689048      0   89 1         22.07.2013
    45         183543  432016248      0    2 1         28.06.2013
    45         185236  228593778      0   40 1         28.08.2014
    45         185262   12109954      0   76 1         17.02.2014
    45         186387  384850008      0   62 1         16.04.2014
    45         186644  427773128      0   77 1         04.08.2014
    45         186749  388326488      0   14 1         12.08.2014
    45         201985  135212508      0    6           01.01.0001
    45         521819  338695958      0    9 1         06.08.2012
    45         541121  458959615      0   68 1         27.06.2014
    45         601984  229513378      0   50 1         31.10.2014
    45         602265  406179028      0   52 1         02.09.2013
    45         866347   43231508      0    6 1         03.11.2014
    46            454   45239863      0    4 1         20.08.2014
    46           1851   53135423      0   70 1         19.05.2014
    46           6171  108019658      0   70 1         07.11.2014
    46           6648  455970618      0   28 1         12.06.2014
    46           7468  335508778      0   54 1         05.11.2014
    46           8153  409768258      0    5 1         01.10.2014
    46           8760  322842738      0   23 1         05.11.2014
    46           9671  354287318      0   77 1         29.09.2014
    46          42974  136050118      0   53 1         18.12.2013
    46          50335  120693038      0   10 1         29.04.2014
    46          71656  134659028      0   15 1         19.05.2014
    46          72436  278509198      0   15 1         18.09.2013
    46         126864  659953848      0   72           01.01.0001
    46         175116  871154098      0   20 1         11.08.2014
    46         178098   69863838      0   78           01.01.0001
    46         209339  774227598      0   87 1         06.12.2013
    46         240815   65931848      0   29 1         04.09.2014
    46         251294  774432508      0   78           01.01.0001
    46         265222  518899279      0   53           01.01.0001
    46         294175  150014228      0    9 1         08.09.2014
    46         346334  361433751      0    0 1         16.08.2013
    46         348715  778369448      0   91 1         17.10.2014
    46         368599   87154808      0   95 1         26.09.2014
    46         371266  248107618      0   43 1         23.02.2012
    46         375458  263685858      0    3 1         21.05.2014

TRANSITO CTACORR.BASEFICA DESENVOLVIMENTO        10/11/2014        09:16:25        - 18 -

    AG            CTA   CPF/CNPJ FILIAL CTRL TP PESSOA HATULZ
------ -------------- ---------- ------ ---- --------- ----------
    46         381583  181798658      0   94 1         22.09.2014
    46         381953  723868199      0   49 1         03.12.2013
    46         384124  871146588      0   34 1         25.07.2014
    46         398003  178278318      0    0 1         07.11.2014
    46         399966  221063188      0   20 1         25.09.2014
    46         400148  217121278      0    2 1         25.03.2013
    46         404457  392520168      0   80 1         13.02.2012
    46         408272   48511168      0   37 1         04.08.2014
    46         410829  645866936      0   49 1         06.06.2013
    46         412763   61994988      0    1 1         09.07.2014
    46         434458  415806720      0    0 1         03.11.2014
    46         446913  333821589      0   49           01.01.0001
    46         446926   17043888      0    5 1         05.02.2014
    46         447315  582984528      0   87 1         13.02.2013
    46         447948  823014848      0   15 1         24.09.2012
    46         448577  346797108      0   37 1         17.01.2014
    46         452197  484251098      0   68 1         22.11.2013
    46         453606  289728788      0   80 1         11.08.2014
    46         460423  119222628      0   38 1         20.06.2014
    46         471314  106560968      0    2           01.01.0001
    46         572664  361551068      0   27 1         26.12.2013
    46         585525  373461788      0    7 1         17.09.2014
    46         591547  315642038      0   75 1         08.04.2014
    46         593878   11079978      2   98           01.01.0001
    46         595978  381359958      0   22 1         31.10.2014
    46         596739   89387173      0   72 1         23.05.2014
    46         597260  261308308      0   58 1         28.01.2013
    46         597759  774424668      0   34 1         19.09.2014
    46         598828  363814818      0   11 1         14.05.2014
    46         604174  317978988      0   33           01.01.0001
    46         604989   49590416      0   33 1         23.07.2014
    46         607611  117378077      0   77 1         27.10.2014
    46         608447  402140028      0   10 1         12.05.2014
    46         612217   51297331      1   76 2         14.07.2014
    46         612313   61712600      1   77 2         13.08.2014
    46         612378  138036398      0   59 1         24.03.2014
    46         612629  438064468      0   57 1         06.08.2014
    46         615011  229486018      0   78 1         29.08.2013
    46         618537  426237108      0   56 1         04.10.2013
    46         620158   41442095      0    4 1         10.03.2014
    46         621946  931660793      0    0 1         25.10.2013
    46         627132  482118758      0   29 1         27.06.2014
    46         630620   17162916      1   40 2         09.07.2014
    46         650623  335545838      0   47           01.01.0001
    46         652986  340136068      0    1 1         02.10.2014
    46         664374  221779378      0    9 1         19.09.2014
    46         666463  172841078      0   98           01.01.0001
    46         667381  149894088      0   96 1         29.04.2014
    46         667457  223222258      0   60           01.01.0001
    46         668297  339493808      0   17 1         30.10.2014
    46         700276  593692565      0    4 1         11.08.2014
    46         741762    4472230      0   38           01.01.0001
    46         744630  385164838      0   27 1         26.09.2014
    46         745249  316884878      0   67 1         08.10.2014

TRANSITO CTACORR.BASEFICA DESENVOLVIMENTO        10/11/2014        09:16:25        - 19 -

    AG            CTA   CPF/CNPJ FILIAL CTRL TP PESSOA HATULZ
------ -------------- ---------- ------ ---- --------- ----------
    46         745800   76657029      0    2 1         03.01.2013
    47            249  953707069      0   72 1         18.12.2013
    47            985   17650124      1   15 2         21.05.2014
    47           1418  100028749      0   11 1         15.08.2014
    47           1551  474153049      0   34 1         05.11.2014
    47           1820   88565589      0   39 1         03.11.2014
    47          88621   41800049      0   25 1         13.01.2014
    47          94811  597633029      0    0           01.01.0001
    47         101231    6910076      1   30 2         28.07.2014
    47         105550  248339438      0   83 1         02.09.2014
    47         111107  551463769      0   72 1         15.10.2014
    47         501152  243196279      0   20 1         15.10.2012
    47         590156   48853039      0   31 1         29.10.2014
    47         590810   53121869      0   45 1         19.09.2013
    47         605388  861033779      0    0 1         28.03.2014
    47         608382  437811956      0    0 1         12.11.2012
    47         610805   78089409      0    9 1         21.03.2013
    48           2229   93160579      0   22 1         02.05.2014
    48           2272   88490139      0   49 1         30.07.2014
    48           2298   10316219      0   46 1         05.06.2014
    48           2654   96609069      0   19 1         07.07.2014
    48           3122   94202989      0   57 1         30.09.2014
    48           3315   69259849      0   95 1         10.10.2014
    48           3335  745487199      0   20 1         14.10.2014
    48          11570   17960899      0   15 1         21.05.2013
    48          34081   84512269      0    6 1         18.07.2014
    48          34574  910917569      0   53 1         27.01.2014
    48          36817  927294289      0   68 1         07.02.2014
