                         --- INICIO DO RELATORIO ---                                                     --- INICIO DO RELATORIO --- 
                                                                                                                                     
ARQUIVO BASE CADUB0A4        27/10/2014        16:09:51        - 1 -                                                                 
                                                                                                                                     
    AG            CTA        CCLUB        CPF FILIAL CL CAD                                                                          
------ -------------- ------------ ---------- ------ ------                                                                          
     0              0       641740    7784754     29      6                                                                          
     0              0      6406076   76192129      0      1                                                                          
     0              0      6942989    7784754     29      1                                                                          
     0              0      9129413   76192129     91      6                                                                          
     0              0      9428640    7784754     29      1                                                                          
   429          17270      9844023   78793189     95      6                                                                          
   338          23800     16963253   72375017     15     10                                                                          
  1379          14011     19347995    7784754     29      1                                                                          
     0              0     19361017   72375017     34     10                                                                          
     0              0     22288759   78793189      4      1                                                                          
     0              0     23803649   76192129      0      6                                                                          
     0              0     25043706   78793189      4     10                                                                          
   429          14851     25190610   76192129      0      1                                                                          
     0              0     29425930    7784754     90     10                                                                          
     0              0     29460026    7784754     29      1                                                                          
     0              0     42267692  701890219     34     10                                                                          
   183          22870     61758264  695223839     53      6                                                                          
     0              0     88327132  757784754     20      1                                                                          
     0              0    119525046  347721119     72      1                                                                          
     0              0    121054187  347721119     72      1                                                                          
     0              0    121054195  347721119     72     10                                                                          
   338          50295    125021046  347721119     72      6                                                                          
  2887          15744    125287550  660000096     15      1                                                                          
  2887          15744    125287550  660000096     15      1                                                                          
     0              0    135018501     140792     91      1                                                                          
     0              0    135018501     140792     91      1                                                                          
     0              0    139333851     140792     91      1                                                                          
     0              0    139333851     140792     91      1                                                                          
     0              0    145939618  517784754     34     10                                                                          
   365           8148    165324155   57306009     68     10                                                                          
  1886           8092    170298760   57306009     68      6                                                                          
  2144          15392    175947864  562914502     91     10                                                                          
     0              0    185251463     140792     91      6                                                                          
     0              0    185251463     140792     91      6                                                                          
  4335              0    206374666   13216173     72      1                                                                          
     0              0    262093081   13216173     72      1                                                                          
     0              0    317977369  150392699      0      1                                                                          
     0              0    335454984  258595523      0      1                                                                          
     0              0    335924042  150392699      0     10                                                                          
     0              0    353559342  258595523      0     10                                                                          
     0              0    453806112  660000172      0     10                                                                          
     0              0    476591155  240140792     87      1                                                                          
     0              0    546039472  660000172      0      1                                                                          
  2046          15950    717317544  610140792     68      1                                                                          
  2431          25978    800092929   47784754     45      6                                                                          
     0              0    906457564   72375017     34      6                                                                          
  3212         520931    909216371  593376994      0      1                                                                          
     0              0    916537528  517784754     34      1                                                                          
     0              0    923910930  660000172      0      1                                                                          
     0              0    958129380   72375017     39      1                                                                          
     0              0    959921133  147784754     53      1                                                                          
     0              0   1099315058    7784754     90      6                                                                          
   456          52408   1118327559    7784754     29      1                                                                          
   349          20000   1132011784  781218509     59      1                                                                          
                                                                                                                                     
ARQUIVO BASE CADUB0A4        27/10/2014        16:09:51        - 2 -                                                                 
                                                                                                                                     
    AG            CTA        CCLUB        CPF FILIAL CL CAD                                                                          
------ -------------- ------------ ---------- ------ ------                                                                          
  1523           1103   1134308237  449461801     25      6                                                                          
     0              0   1139991520   82489741     42     10                                                                          
  2144           9392   1193742452   43846442     72      6                                                                          
     0              0   1215908480  877784754     72      6                                                                          
  2840          14567   1279334875  360140792     20      1                                                                          
     0              0   1279513419   82489741     23     10                                                                          
     0              0   1316136857   11114820     20     10                                                                          
     0              0   1316140838   11114820      1      6                                                                          
  3183         622870   1342686532   51367825     52      6                                                                          
     0              0   1405670824   11114820      4      1                                                                          
     0              0   1494952340  730140792      0      1                                                                          
     0              0   1542442912   57784754     62      1                                                                          
     0              0   1555403481  757784754     20      1                                                                          
     0              0   1557765518   47784754     45      1                                                                          
  3200           3577   1642464462   82489741     42      6                                                                          
     0              0   1725885082  147784754     53      1                                                                          
     0              0   1760569183    7784754     29      1                                                                          
     0              0   1760580373    7784754     29      1                                                                          
     0              0   1823863857  162609109     91     10                                                                          
     0              0   1850483750  850140792     53     10                                                                          
